ID	earl	ov	spike	tiller	BY	DB	DF	DM	GY	NET	PH	SPL	SPS	TGW
001ET_D	2.0044875	2.4032025	2.86665	3.11665	7.86605	78.35455	90.436625	137.335	2.3489	5.416425	95.598575	8.17755	32.285725	37.447725
002ET_D	2.09872	2.38718	2.43335	2.8	7.1101	79.04375	87.990025	137.1375	2.0618	4.62645	91.9163	7.671575	32.898	34.94435
003ET_D	2.835255	2.6102575	2.825	2.2417	5.24355	78.098825	87.566975	130.25	1.2972	4.781075	85.089025	6.972975	23.87025	35.131
004ET_D	3.05648	2.65278	3.79165	2.68335	7.70745	75.179725	84.4148	128.05	1.92325	4.956875	86.26485	6.7104	26.725975	32.713825
005ET_D	2.98846	2.559615	2.78335	2.25835	6.151825	78.50675	87.16255	128.985	2.123775	4.11175	82.878425	7.400925	26.764575	35.26
006ET_D	3.1391025	2.86923	2.4833	2.75	6.39635	79.026275	89.274275	136.0975	1.969475	4.0588	92.784625	7.470225	28.3699	41.48765
007ET_D	2.4100575	2.6064825	3.0818	3.1909	6.273775	74.832675	86.319025	134.99	1.918525	4.622125	93.70025	7.553075	29.99015	34.461775
009ET_D	3.0474375	3.35513	3.55455	3.3364	6.825475	76.1291	85.655625	132.51	2.133725	4.1529	93.345925	7.91065	27.6059	40.385525
011ET_D	3.3839725	3.064745	2.55	3.5	7.0882	73.35255	86.2891	131.635	2.179775	4.78905	89.873725	8.2305	29.22215	40.48405
012ET_D	2.3138875	2.303705	2.85	2.825	5.430125	76.86215	87.94845	133.4825	1.632625	5.07555	90.073525	7.805275	29.62385	35.3809
013ET_D	3.190385	3.353845	3.575	3.3167	5.84505	67.3361	78.619075	129.4525	2.04265	3.053625	70.102325	5.190575	44.499725	36.22545
014ET_D	2.57315	2.52963	3.75	3.675	7.7738	72.243875	80.6113	129.41	2.5491	4.44235	100.4842	6.984575	26.790125	43.50925
015ET_D	2.28426	2.1509225	2.5	2.85	5.2025	78.83135	88.897725	136.51	1.582225	4.49995	80.40675	6.4162	26.3911	36.212175
018ET_D	2.597435	2.152565	2.975	2.6917	7.52365	75.622025	84.924375	129.635	2.1404	3.647975	80.75565	6.52855	28.00575	38.078275
019ET_D	3.2064825	3.8731475	3.8	3.12725	7.00125	71.800125	80.222525	128.4075	2.2787	4.121125	92.137275	6.184025	31.2674	36.8036
020ET_D	1.6916675	1.974075	3.125	2.8417	5.9482	82.0084	93.276775	140.0575	1.80955	4.258275	81.29155	8.131875	28.43325	41.5744
022ET_D	2.8628175	3.825	3.6	3.7	8.46165	74.017975	83.319775	131.43	2.76115	5.13495	97.622525	7.647325	40.257475	40.76695
023ET_D	2.822435	2.8621825	3.6	3.33335	8.1676	70.75235	78.815625	130.2475	2.467475	4.9416	98.260425	7.4044	28.553975	38.44435
024ET_D	2.1609	2.798715	2.10835	2.74165	7.941475	83.894775	93.80735	139.7975	2.274775	4.0769	95.820925	7.060275	33.7106	40.11445
025ET_D	2.2756425	2.1006425	3.08335	2.49165	5.8576	78.38745	89.415175	136.6275	1.787325	4.50725	83.771375	7.250825	30.128025	34.1473
026ET_D	2.36852	2.2481475	3.55455	3.23635	6.210175	74.960125	82.502475	130.375	2.061425	4.419475	96.745975	6.171625	34.664775	36.56125
027ET_D	2.0490725	2.29537	3.02	3.01	5.529925	74.226	84.933675	132.8725	2.216825	4.868025	99.895	7.097275	25.5046	42.110675
028ET_D	2.275	3.24722	2.93335	3.10835	6.506875	77.763175	88.33635	138.0425	2.184	3.8085	98.6688	10.5061	33.6448	40.96325
029ET_D	2.82037	2.46759	2.6417	2.75	6.811	73.659675	82.620525	131.39	2.100125	4.31935	88.215025	7.785025	34.14105	38.735575
030ET_D	3.3916675	2.428845	3.5	2.6	7.1916	75.481325	85.008275	128.09	2.43615	4.641025	85.468025	8.28225	31.3998	33.75205
031ET_D	1.7324075	2.54537	2.54545	3.3091	7.9967	82.52065	92.05585	145.16	1.90035	3.725	103.5789	7.8292	33.682775	47.86885
033ET_D	3.2296275	2.37037	3.4667	2.5667	6.133325	70.002425	80.7371	124.62	2.156275	4.952125	85.20185	7.5639	30.419375	37.6206
034ET_D	2.4551275	3.01154	2.95835	3.54165	7.298275	74.02285	81.934225	136.575	2.584425	4.33835	99.4974	8.49175	39.506675	34.703625
035ET_D	2.537035	2.4064825	3.425	2.675	6.712075	73.716725	85.08825	132.27	1.99915	5.9098	86.959425	7.480075	29.6416	30.9283
036ET_D	3.066025	2.76731	3.03635	2.74545	8.395575	81.1537	92.0468	133.035	2.68065	5.0597	91.7195	8.399125	29.287475	35.2584
037ET_D	2.708975	3.3878175	3.7	3.53335	7.39465	73.58215	83.1156	133.0425	2.3971	3.926275	105.66	7.010325	26.9375	46.104825
038ET_D	3.15577	2.7448725	3.3	3.10835	7.784375	75.5198	85.3742	133.3975	2.55115	5.315875	92.314225	6.430075	31.07325	42.0961
040ET_D	2.1185925	3.2647425	2.96665	3.98335	8.742775	80.733525	91.426425	142.6875	2.801225	3.995625	109.395	7.53525	34.387225	45.093625
042ET_D	2.991665	2.9944425	3.73335	3.39165	6.5818	68.118275	78.4271	132.13	1.839625	4.553075	89.763325	6.6387	27.52295	34.60845
045ET_D	2.0962975	2.449075	3.425	2.95	7.94165	74.982025	85.430675	136.645	2.68315	4.566125	101.689	6.595875	30.77305	41.462525
046ET_D	2.8351175	2.9291675	3.25	3.29165	7.917275	72.888975	81.3843	130.705	2.793775	5.53045	99.3155	7.468675	30.2032	35.760775
048ET_D	3.2314125	3.775	3.2917	3.45835	8.3068	72.361725	80.311825	130.3575	3.000775	5.713675	106.457275	7.30325	31.912325	45.8849
050ET_D	2.16759	3.0203675	3.1182	3.77275	9.759425	76.41785	86.9919	138.0225	2.619275	4.1388	101.780775	7.18935	31.4884	40.87855
051ET_D	2.235185	2.8157375	3.34165	3.7083	9.0732	74.751775	87.64195	133.845	3.4917	4.328475	98.427475	7.846725	31.1763	44.563525
053ET_D	3.405555	3.2648125	3.51665	2.875	6.7094	68.514925	78.034275	123.5625	2.002825	5.335725	92.03005	6.437925	29.281575	40.265825
054ET_D	2.123715	2.56923	3.32725	3.26365	8.458975	79.531825	89.534275	138.7	2.2432	3.70355	98.811425	7.10585	26.40125	37.14085
055ET_D	1.94722	2.69074	3.0091	3.77275	7.305575	78.542925	92.2598	138.76	2.21265	4.390525	94.34975	5.2657	32.8259	42.59135
056ET_D	3.2416675	2.94537	3.86665	3.45835	6.8209	68.992475	80.08415	127.97	2.066025	5.410475	100.741325	7.2571	31.566525	39.61205
057ET_D	2.6129625	3.2925925	2.83335	3.73335	7.8803	66.328825	76.70825	133.8125	2.5536	4.9403	96.58315	5.684925	34.3213	43.9466
059ET_D	2.5416675	1.8620375	3.6727	3.05455	5.683125	67.716225	78.48115	127.15	1.772175	4.91825	85.802	7.813775	28.161325	35.2888
060ET_D	1.9392875	2.6708325	3.14165	3.85835	8.743625	77.451375	86.57975	135.4925	3.104075	4.7936	96.151425	7.662725	39.98065	45.9597
063ET_D	2.6964275	3.4779775	3.5833	3.85	7.650925	73.47705	84.279925	132.8275	2.7872	5.2379	100.306125	7.4896	34.95115	43.081275
065ET_D	3.1472225	3.65741	3.75835	4.0333	9.034675	71.94585	81.789775	129.8325	3.0326	3.869825	101.09	7.573	33.29945	49.222
066ET_D	2.746795	3.4121825	2.88335	3.6917	7.60455	77.925375	88.97605	136.99	2.505975	4.991625	95.066875	7.1388	30.5855	41.05145
068ET_D	2.97037	3.4527775	3.5	3.44165	5.71495	65.74985	76.0339	127.74	2.14955	3.9681	78.569275	5.64145	39.76065	34.011625
070ET_D	4.03198	3.1296275	2.7917	2.50835	7.10495	70.881275	79.707725	126.8	2.107275	4.439875	93.570125	7.99415	27.21715	34.827375
071ET_D	3.73141	3.0583325	3.85	3.05835	7.21665	68.060325	77.57385	121.9925	2.521975	4.85335	92.2431	7.287625	31.8267	43.2168
072ET_D	2.889285	3.4357125	3.2917	3.55	8.03465	71.56215	82.340175	131.45	2.6078	4.251	101.517725	7.3659	35.984175	50.325425
073ET_D	2.777775	3.5777775	3.56665	3.2	8.7547	75.64085	85.821325	137	3.1305	4.702375	94.284875	7.0515	36.385575	42.651075
074ET_D	2.2636875	3.098215	3.6917	3.53335	8.34445	76.377975	86.452625	134.8375	2.78585	5.02245	94.1503	6.740575	30.6063	40.520475
075ET_D	3.3262825	3.3173075	3.2583	3.15	5.447	65.83565	75.823575	129.3975	2.005	3.499025	73.4814	5.487825	44.1458	34.078125
078ET_D	2.195515	2.304485	2.95835	2.35	6.536325	81.283925	92.152625	138.355	1.784	4.2293	87.33	7.957225	26.01095	37.64665
079ET_D	2.98889	3.144445	2.86665	3.21665	6.851375	72.9903	83.194025	131.0925	2.1364	4.320925	89.521975	6.21515	33.99965	35.8598
081ET_D	2.8481475	2.4740725	3.0917	3.1	9.169625	81.894975	91.7941	136.8775	2.96055	6.0585	94.040275	7.606225	29.114525	37.380675
082ET_D	3.67051	3.4775625	4.0182	3.3818	8.16805	71.1845	79.535	124.9125	2.817975	5.14635	90.109725	7.417975	31.335275	40.188
083ET_D	2.8018525	3.462035	3.64545	3.76365	8.47815	72.371275	81.9195	131.7	2.896825	4.037525	104.331325	5.89135	36.7992	40.40275
087ET_D	2.5724375	2.9525625	2.15	2.81665	7.19625	78.26635	90.057275	136.305	2.164625	3.734275	92.438575	7.0831	31.11495	44.65655
088ET_D	2.2134625	3.2897425	3.6091	3.5818	7.344775	74.2787	83.241	130.31	2.6737	4.99505	92.63375	6.435825	32.987575	43.1066
090ET_D	3.5660225	2.7391025	3.53335	2.625	6.49355	68.16385	79.015525	133.74	2.2692	4.8766	85.248125	7.34935	26.184425	41.834925
091ET_D	2.2407425	2.5296275	2.3417	3.08335	6.361	81.5714	91.899475	139.47	1.883125	4.746525	82.481525	8.063225	30.523025	35.699525
092ET_D	3.708975	2.9955125	3.6667	2.93335	7.42025	68.61825	79.330175	122.93	2.40525	3.970975	98.10995	7.731775	29.820625	36.749
093ET_D	2.405555	2.3787025	3.3	3.26365	7.527825	73.6403	83.259075	130.8	2.59165	4.96395	97.380675	7.308525	30.693125	43.529175
096ET_D	3.349075	2.310185	3.60835	2.4917	6.181775	66.254425	76.11095	126.8575	2.285625	3.81315	89.60365	7.523625	29.67255	37.217725
097ET_D	2.2981475	2.48426	3.0182	3.2091	5.4967	78.2912	88.09395	136.355	1.67095	3.9633	91.183975	5.400625	26.85965	35.771125
100ET_D	2.959615	3.0551275	3.9636	3.6909	10.13135	72.02185	80.1405	133.3525	3.34185	4.480075	105.114975	6.822225	30.9968	37.643425
102ET_D	2.75	2.258335	3.33635	3.01815	6.25785	68.725275	78.904625	132.595	1.88215	3.996525	93.549425	7.333875	24.994875	37.175975
104ET_D	3.3333325	2.25064	3.63305	2.93335	6.2566	70.688775	79.173025	126.9675	2.05285	5.41225	99.454725	7.945475	31.738775	35.350425
105ET_D	3.15	2.6474375	3.65835	2.55835	6.72925	68.4713	80.479475	125.495	2.1603	5.79945	97.04975	7.197975	32.95575	33.8696
106ET_D	3.31574	3.463885	3.80905	3.24545	6.89475	69.88885	78.48605	128.18	1.9898	4.6979	97.15945	6.868325	26.7835	34.7497
107ET_D	2.3297625	3.1333325	2.8583	3.44165	8.4558	76.5312	88.925075	137.0375	3.22915	4.560775	95.6373	7.210275	30.2343	45.4639
108ET_D	3.108335	2.0678575	3.5	2.73635	4.9938	73.114325	83.611325	133.4475	1.584675	4.85695	84.254175	7.3794	26.195825	31.41565
109ET_D	3.3243575	3.7602575	3.67275	3.65455	7.546625	69.76295	79.6215	126.775	2.30015	4.058725	106.964025	7.814675	32.2554	43.1402
110ET_D	2.25119	1.740475	3.59165	2.8	6.30195	72.5922	83.56385	131.67	1.912625	4.693475	82.022	7.850775	26.7564	34.5992
111ET_D	3.235185	2.6759275	3.8583	3.01665	6.395175	71.473075	82.8491	128.7125	1.784875	5.51225	93.652075	8.382625	28.6401	35.134575
112ET_D	3.014815	3.787965	3.4583	4.05835	9.466325	75.075825	83.457075	135.78	2.64225	4.831725	108.845	7.202925	32.70635	44.3539
113ET_D	3.3243575	3.08718	2.85	2.8167	5.849225	72.976275	84.61235	133.1125	1.623825	4.9305	90.7585	7.540875	30.154975	36.718875
114ET_D	2.9717975	3.6256425	3.4818	3.73635	7.459675	75.985625	84.6386	132.605	2.34775	4.958375	104.546575	6.3387	30.6405	44.081275
115ET_D	3.385895	3.17436	3.6333	2.81665	7.089875	71.050925	82.511325	128.4925	2.08395	5.058175	94.22815	6.227375	31.428825	30.79615
116ET_D	3.25185	2.333335	3.725	2.9583	6.28905	69.3325	78.933425	121.89	1.979825	5.538625	87.9787	7.953625	27.554725	33.033525
117ET_D	2.564815	3.2944425	3.26665	3.3	8.2615	74.3361	83.3352	134.77	2.935625	4.287175	98.3699	8.1111	35.4823	37.45665
118ET_D	3.0987175	3.3974375	3.34545	3.8	6.400675	71.983375	82.8003	132.215	2.537725	4.325075	101.6913	6.468	37.0656	43.570125
121ET_D	3.6775625	2.458975	3.75	2.98335	6.87795	68.01365	77.983525	122.4325	2.259925	5.764125	95.44585	7.77575	26.01625	35.9907
122ET_D	2.724075	3.2629625	3.475	3.28335	7.1747	74.393675	83.252925	130.1	2.378875	4.358425	100.449625	7.37375	26.9971	45.59995
123ET_D	3.016665	3.0675925	3.875	3.11665	6.246875	71.793275	81.4651	132.73	2.018275	4.475725	96.219475	7.4462	31.983875	37.5223
124ET_D	2.27963	3.1129625	3.85	3.35	7.6143	73.97745	84.5203	128.925	2.5691	5.148825	97.794125	7.4743	30.985525	46.84985
126ET_D	2.8194425	3.0222225	3.2167	3.65	7.72295	73.136675	81.8223	130.97	2.6787	4.9797	105.445425	7.25925	32.771625	46.189625
127ET_D	2.7064125	2.740385	3.46365	3.22725	8.273375	71.1172	80.003875	131.8775	2.586625	4.950275	101.636975	7.105375	29.492375	38.892325
129ET_D	2.101925	2.54872	2.56665	2.8333	8.31455	73.38175	83.481125	128.7675	2.4164	4.618675	93.8379	7.6536	30.305975	37.5294
131ET_D	3.1634625	3.50641	3.275	3.425	6.6845	76.763225	86.264	131.9125	1.9989	4.318275	94.90165	8.60435	30.326225	40.911075
132ET_D	2.735185	3.280555	3.56665	3.25835	7.429975	77.261125	86.45445	133.4725	2.79345	5.2637	96.417375	8.076975	33.399225	43.38165
133ET_D	2.762035	3.46389	2.98335	3.75	9.517275	72.7874	82.2485	133.2525	3.35315	4.2445	102.134075	7.922925	35.993875	41.84025
134ET_D	2.3833325	2.6620375	3.01665	3.2583	7.925625	79.936675	90.019025	138.9425	2.1678	4.6492	93.713075	6.202325	27.505125	38.235075
135ET_D	3.698075	2.903845	3.69165	2.98335	7.07905	72.127325	81.9756	130.95	2.0971	4.39135	97.04825	8.28755	32.837725	33.6769
136ET_D	2.50449	2.75064	2.65455	2.6818	6.0201	81.1536	91.035275	134.37	1.770225	4.668925	82.8015	7.4115	27.515825	36.2422
138ET_D	2.417595	2.9324075	3.4	3.70905	8.093875	79.446225	88.2648	135.89	2.751425	4.31345	97.68905	7.05025	33.024025	40.962425
139ET_D	2.28611	2.4574075	3.3	2.9182	6.636125	76.403725	87.09185	135.265	2.077925	4.603125	84.342025	7.14265	27.437375	35.669725
140ET_D	3.015475	3.5482125	3.4	4.0417	8.963175	73.00955	83.9429	136.36	2.89345	3.47935	101.4599	7.6323	34.0419	43.679075
141ET_D	3.7666675	2.9333325	3.775	2.93335	7.685925	66.485975	75.96895	126.32	2.709625	4.869825	91.076825	7.0129	30.698425	41.214725
143ET_D	2.837035	3.36111	2.85835	3.075	8.395575	76.4766	85.462275	133.7275	2.642175	5.365475	100.8179	7.82305	36.23955	45.796975
144ET_D	3.599075	2.97222	3.725	3.2	6.946	69.95473333	81.36213333	117.1	2.2638	5.7115	98.07136667	8.457666667	32.73863333	36.82233333
146ET_D	3.014815	2.650925	3.0167	2.95	7.351875	84.8385	93.4012	141.9725	2.250425	5.4535	87.4283	7.789225	25.52435	35.4414
147ET_D	2.70463	2.687965	3.7929	3.3	8.264775	69.723375	78.881425	135.895	2.65345	4.270075	102.39815	7.56265	30.523975	36.441675
148ET_D	1.919445	2.0240725	2.4667	2.4667	6.679575	77.98885	89.796025	132.9725	2.03455	4.976125	85.583475	6.432475	30.6738	35.855275
149ET_D	1.70648	2.774075	2.3583	3.48335	8.256375	82.736375	93.1542	142.3775	2.450875	4.089975	95.992625	6.40545	43.44845	45.624625
154ET_D	1.7861125	2.94537	3.10905	3.84545	7.720375	80.063675	88.281325	134.8475	2.537525	4.627	102.1695	7.501875	35.713025	44.14445
156ET_D	3.1737175	3.158335	3.475	3.575	8.060525	71.897375	82.0199	130.11	2.712725	4.8664	106.0675	7.31665	27.956375	46.1714
157ET_D	3.230555	2.9240725	3.3182	3.3182	8.34015	70.0547	77.7396	134.365	2.442375	4.945125	105.684075	7.48925	29.60715	37.555775
159ET_D	2.303705	2.596295	3.2333	3.575	8.40805	71.967875	83.762625	136.095	2.6874	4.950425	97.705975	7.655925	31.7143	44.5379
160ET_D	2.8805575	3.164815	3.8	3.54545	7.3956	72.800375	83.0491	128.6775	2.57295	4.827875	93.359125	6.9418	27.189325	43.789325
164ET_D	2.96111	2.625	2.3048	2.8	6.3272	79.33095	86.38935	129.84	1.9462	5.096725	88.175475	7.2132	31.8297	32.854925
165ET_D	3.3737175	3.1730775	3.69165	3.24165	10.02715	70.904525	80.654825	129.7675	3.26275	5.724575	105.966675	7.175425	31.12145	37.5879
166ET_D	3.5012825	3.3826925	3.8	3.325	8.09955	67.1909	76.46345	126.705	2.768775	5.306475	102.8244	6.919675	30.580475	39.147725
167ET_D	3.783975	3.7326925	3.3	3.1	7.3925	75.200575	84.1831	130.4825	1.994625	4.939625	95.755925	7.63465	25.4028	40.2639
168ET_D	3.59722	2.6620375	3.68335	2.725	6.841025	69.77245	78.2814	123.0275	2.245675	4.207175	80.82675	6.50425	26.029275	38.5951
169ET_D	3.40705	2.7467925	3.575	2.475	6.930525	66.8445	77.88355	121.575	2.254075	5.30755	83.463075	6.7456	26.43585	40.6423
170ET_D	3.696795	2.82436	3.55455	3.03635	6.39685	69.512825	78.4447	129.4775	1.8634	5.08585	100.822275	7.852375	29.3811	34.05315
171ET_D	3.7972225	3.18611	3.75	2.88335	7.41775	68.403725	79.680975	128.2325	2.643675	4.908575	85.809575	7.23445	29.504475	43.550375
172ET_D	2.76987	3.5608975	3.26665	3.45	8.56795	78.979175	90.0406	136.82	2.94925	4.578775	96.460075	7.5716	28.0234	46.66335
174ET_D	2.3948725	2.403205	3.5727	3.43635	8.68535	73.627625	82.55045	132.3775	2.75495	5.349825	103.501375	7.069275	32.585125	36.9852
175ET_D	3.0679525	3.7865375	3.3167	3.5833	7.7494	77.37985	88.684725	135.1825	2.532975	4.26255	99.256575	7.351475	34.1513	45.525375
176ET_D	3.190385	2.701925	3.68335	3.05	5.96125	71.701	81.04715	126.5975	2.186175	5.172875	92.47465	7.650025	29.146875	40.328325
177ET_D	2.5035725	2.8547625	3.2818	3.4	8.090825	75.20705	84.722525	133.915	2.26725	4.503	102.75865	6.59025	26.75705	50.23595
179ET_D	2.82436	3.034615	3.6727	3.14545	7.7023	66.8826	77.17455	133.035	2.508925	5.082025	105.02	7.64015	28.08825	38.7034
180ET_D	2.491665	2.8740775	2.96665	3.1083	5.224925	71.474425	81.78	133.9725	1.876	4.139075	77.21845	5.4976	31.1546	45.512525
189ET_D	2.6527775	2.866665	3.53335	2.95835	8.242775	69.111375	77.926925	126.1675	3.222825	4.5589	97.212575	7.51415	33.294	42.006775
190ET_D	2.71923	2.90513	3.45835	3.06665	6.50485	70.972275	81.350275	128.97	2.083325	5.25735	98.358525	7.095675	33.30295	38.318325
191ET_D	2.1525625	1.897435	3.60905	3.2	7.587875	81.4029	91.267175	142.5275	2.434675	5.8578	88.22745	8.009825	31.8556	35.829075
192ET_D	3.312965	3.26574	3.6091	3.33635	6.798575	70.88715	79.965775	130.0325	2.1359	4.77295	105.025	7.78605	31.745675	41.71745
196ET_D	2.7891	2.772435	3.16365	3.25455	5.714625	76.695425	85.316775	135.5775	2.010175	4.902575	93.188725	6.87375	29.787975	38.716625
197ET_D	3.7074075	3.4916675	3.79095	3.5818	7.44645	69.58525	79.08025	126.3725	2.59865	4.2716	88.2452	7.0547	31.94955	41.8054
198ET_D	2.8458325	3.544045	3.225	3.4833	7.234675	72.73715	81.775775	132.575	2.61815	3.988675	108.968575	7.610175	36.08595	48.706825
201ET_D	2.25513	2.2083325	3.13635	3.2273	8.160625	83.3347	93.240875	135.6275	2.719575	4.66005	92.89985	7.214575	29.652	36.013975
202ET_D	3.489815	2.5305575	3.5667	2.96665	8.3302	71.843775	81.75725	128.27	3.023925	5.573075	91.502	8.739775	31.345225	37.589625
204ET_D	2.72372	2.1230775	2.81665	2.65	4.905775	75.638325	85.9714	135.6675	1.537775	5.399375	81.82975	7.2228	28.68285	34.346725
206ET_D	2.178845	2.6205125	2.74545	3.0364	7.433375	75.6004	87.79115	136.765	2.5713	5.8873	94.4795	8.111475	31.451525	36.10845
208ET_D	2.96111	3.75278	3.62725	3.4	7.800725	75.607225	84.07405	130.88	2.58805	4.53305	93.5248	7.3209	33.8565	38.371475
210ET_D	2.32037	2.90648	3.15	3.7583	8.279	74.823025	85.80135	137.195	2.60815	4.500925	109.975	7.557775	32.81025	44.08435
217ET_D	2.571795	2.6589725	3.05	3.03335	8.23405	73.4974	82.7177	133.58	2.688575	4.829075	98.2546	6.49965	33.26975	36.641375
219ET_D	3.10648	2.9777775	3.55455	3.0909	7.08745	70.082825	79.644375	129.095	1.828975	4.8137	95.637225	6.4253	29.861875	35.5558
222ET_D	2.68889	3.2731475	2.5917	3.3417	8.2898	77.931025	88.752375	137.0825	2.29135	3.57915	96.241325	6.85985	33.707225	44.341825
229ET_D	2.7518525	3.40463	3.00835	3.075	7.42745	75.622575	86.133075	134.0425	2.47875	4.53105	95.46515	6.483275	32.49315	46.32955
231ET_D	2.31389	2.74537	3.5727	3.5	7.03405	75.5089	84.71025	131.865	2.246375	4.477175	96.2545	6.7646	28.62165	43.23095
234ET_D	2.7916675	2.9990775	2.63635	2.8091	6.31335	78.12715	87.163825	130.2575	1.934325	5.19045	88.9453	7.1097	28.87235	35.485425
235ET_D	2.7240725	3.0925925	3.32725	3.4	7.7842	68.511375	78.616975	135.625	2.48055	5.48695	96.3033	6.370025	33.59745	43.804925
238ET_D	3.3268525	2.955555	3.46665	3.19165	6.924275	71.314575	80.03415	130.1375	2.36545	5.05405	93.24535	6.78785	28.488525	39.133
239ET_D	2.8425925	3.2314825	3.7	3.1	6.606125	74.764875	85.649525	132.7775	2.0311	5.1476	89.793425	8.276075	29.142675	39.213325
240ET_D	2.3358975	2.4493575	2.6083	2.43335	6.3876	74.341575	85.1069	135.7075	1.879775	5.0794	90.5013	6.874975	33.288325	39.003175
241ET_D	2.7129625	2.32315	2.55835	3.04165	7.164725	75.851375	85.9989	135.91	2.398025	4.18375	82.27775	7.73845	28.5041	36.89135
242ET_D	2.7277775	3.6175925	3.23335	3.8	9.010325	72.9075	81.959475	131.165	3.1405	4.24355	100.584875	7.71745	37.370425	43.371775
244ET_D	1.458335	1.97315	1.55	1.875	4.202805	75.727	86.9929	142.51	0.934825	5.064766667	88.74416667	6.0117	25.2528	25.834375
246ET_D	2.7722225	3.764815	3.2333	3.98335	6.9907	75.906775	85.351925	133.64	2.26345	4.195225	100.24835	7.24765	35.270725	43.019525
249ET_D	3.5282075	3.498075	3.70835	3.0583	8.211275	69.7617	81.93835	127.55	2.833475	4.73995	92.1746	7.095925	27.49645	40.1025
254ET_D	3.271295	2.3574075	3.8182	3.04545	6.83905	68.641975	79.112075	123.7875	2.2032	6.3835	93.838	7.337875	28.0624	39.0903
255ET_D	2.6237175	2.6429475	3.3091	3.0636	7.07205	72.236175	80.81805	133.185	2.2877	4.8072	88.853275	6.599425	31.975875	39.91515
257ET_D	3.3712975	2.766665	3.8	3.04545	6.475325	66.39455	75.111775	127.0525	2.006525	5.82315	93.50505	7.326375	26.708475	37.665025
258ET_D	2.4339275	2.92619	3.78135	3.85835	8.303	73.939075	83.102325	132.8025	2.7938	4.9571	93.884075	6.61315	27.398875	42.4682
259ET_D	2.0474375	2.3782025	3	3.0167	5.534125	76.083725	86.988925	134.8	1.368	4.41465	88.715775	7.452575	31.4999	35.3113
262ET_D	2.58077	2.4698725	3.1083	2.85	7.205325	71.2027	79.418425	133.4525	2.159325	5.04595	90.20625	6.86995	26.884575	36.5416
265ET_D	2.84359	3.9762825	3.325	3.99165	8.555225	73.628425	83.33925	134.96	3.12145	4.3281	105.126925	8.0014	34.485325	46.5565
266ET_D	2.6916675	3.5416675	3.3	3.78335	7.84635	72.907675	82.823075	132.2825	2.761	4.44435	97.7927	7.58045	33.51765	42.90215
270ET_D	1.6065475	2.0648825	2.35835	3.1	5.832575	82.36865	91.867025	138.7425	1.461475	5.186525	93.089175	7.2498	33.663725	37.172775
272ET_D	3.3955125	2.60705	3	2.25555	6.833875	70.8836	80.007275	127.305	2.12255	4.62545	88.433125	6.62595	25.782325	37.461625
274ET_D	2.4166675	2.9435875	2.80835	3.3917	8.32595	79.23345	89.8287	136.76	2.496175	4.485925	105.352475	7.369775	30.206375	40.372025
276ET_D	2.6555525	2.7861125	2.6167	2.5083	7.25915	77.275225	87.87315	136.1775	2.14115	4.760725	91.939725	7.6156	29.3126	34.569875
277ET_D	3.396155	2.7705125	3.4333	2.8083	6.845725	72.6677	82.8749	128.9675	2.293225	5.4419	96.19695	8.0162	32.335975	37.093525
281ET_D	3.4972225	2.59074	3.75835	2.825	6.8443	71.562075	84.1055	130.0175	2.17235	4.892425	94.057	8.181425	29.836675	38.89285
283ET_D	2.846155	2.90513	2.575	3.0667	7.4012	78.526975	88.08385	134.175	2.362725	4.5299	93.6788	8.36495	30.53875	36.58355
286ET_D	3.05926	3.74259	3.6	3.44165	8.7569	74.923025	85.0358	134.17	2.90525	4.148375	105.72955	7.1199	41.781175	45.654125
287ET_D	2.296295	1.7240725	3.2364	2.73635	5.916975	74.612875	84.3383	133.0825	1.917875	4.93965	88.384425	7.468	31.71375	33.672375
290ET_D	3.2879625	2.92963	3.5833	2.7333	7.5056	70.466625	79.368425	127.63	2.25395	4.416425	96.133025	7.56385	26.3037	37.42815
292ET_D	3.0371825	3.2628225	3.61665	3.275	7.123175	73.6266	82.757675	131.5375	2.523475	4.580025	103.245	7.23095	32.15885	44.736725
294ET_D	2.3314825	3.008335	2.6	3.425	9.8597	80.002525	88.6212	140.9125	3.03215	4.271125	103.2865	7.6321	37.9087	42.093875
295ET_D	2.68796	3.4185175	3.0833	3.575	8.0303	74.386875	84.418575	138.03	2.3629	3.945475	96.277975	7.178275	35.45775	42.99495
297ET_D	3.3128225	3.470515	3.53335	2.98335	8.0639	71.233925	81.020225	127.91	2.55235	5.0804	102.2224	7.4137	28.991925	44.9928
299ET_D	2.49815	2.27963	3.2727	3.0909	6.988075	71.7678	82.327575	127.22	1.94445	4.626875	90.6649	7.45655	28.075325	38.164925
303ET_D	3.098145	2.9388875	3.8917	3.225	8.8152	68.064225	77.2031	130.025	2.910675	5.8669	106.535	7.302125	29.1731	36.50325
305ET_D	2.597435	3.5480775	3.87275	3.83635	8.048775	75.45485	85.34115	137.585	2.780675	3.61015	106.375	6.842375	37.049125	46.955475
306ET_D	3.3268525	3.2907425	3.38335	3.49165	7.338475	72.658275	83.058325	131.2025	2.57205	4.632075	112.82	8.46345	32.738625	44.1406
308ET_D	2.175925	2.817595	3.35455	3.55455	6.86525	71.9004	83.110475	131.7675	2.3692	4.4593	101.0369	8.025625	29.936025	43.7001
310ET_D	2.940385	2.5679475	3.3091	2.81815	5.47145	73.72815	82.2579	128.1625	1.75555	5.02085	99.236525	7.819075	29.308625	34.355725
311ET_D	2.3666675	2.71111	3.64545	3.28185	5.572375	79.112925	88.739725	131.205	1.554975	4.100425	89.254475	7.1464	26.14335	40.963075
316ET_D	1.84537	2.1231475	2.85455	3.46365	5.9844	82.50125	91.927375	139.695	1.689075	4.9198	86.548675	7.80425	25.667175	41.678275
317ET_D	3.0480775	3.7769225	3.63635	3.8818	8.016125	71.9468	81.246025	133.02	2.7485	4.615	102.012425	7.0843	30.337425	41.875075
319ET_D	3.1444475	3.705555	3.7	3.275	8.094825	76.0558	85.7878	131.995	2.357875	4.280425	102.47715	7.836325	30.93895	45.07815
322ET_D	2.7675925	2.4361125	2.73635	2.36365	7.7599	75.12635	88.3139	135.9875	2.1145	4.136825	83.309175	7.218075	28.906325	35.359475
324ET_D	2.710185	3.360185	3.29165	3.28335	6.2392	73.730325	82.53545	132.495	2.302975	4.152425	91.44765	5.938525	32.768925	42.28655
326ET_D	3.18141	2.695515	3.68335	3.31665	6.812075	70.0105	79.5584	127.57	2.8816	4.81535	96.105825	7.58755	31.337425	44.143925
328ET_D	1.410185	1.3861125	2.7	2.74165	6.9584	84.534975	94.954525	140.8475	1.8385	4.674525	84.292475	6.0233	31.250225	35.7853
329ET_D	1.6851875	2.212965	2.275	3.31665	7.854075	84.9791	93.84065	145.305	2.208475	4.106075	96.0877	6.86605	29.01245	41.539875
333ET_D	3.21282	3.296155	3.75455	3.25455	5.6695	76.402525	86.094825	131.01	1.56625	4.153925	92.2424	7.5985	27.863825	39.4021
335ET_D	2.7730775	3.641025	3.825	3.2333	8.3397	73.909025	83.859575	132.9825	2.574	3.6954	102.3406	7.956925	37.6038	40.45615
336ET_D	2.810255	3.3564125	3.54165	3.7833	8.240975	73.451925	83.151875	134.295	2.85405	3.5668	98.074525	6.71985	36.32595	41.531375
337ET_D	3.452565	3.2320525	3.08335	2.325	6.81405	71.507225	80.867725	129.015	2.193275	5.0356	94.747175	7.079375	30.551225	40.642925
339ET_D	3.59537	3.091665	3.73335	3.0917	7.189575	68.722475	78.387725	125.8075	2.36765	3.89365	89.886875	7.118675	30.439575	40.748775
341ET_D	2.73013	3.63077	3.1	3.43635	5.542925	67.678225	77.402375	134.1175	1.91635	3.825925	91.9727	5.54825	42.15305	42.460325
343ET_D	1.907405	2.8675925	2.35	3.11875	6.585525	73.425975	82.3041	143.5875	1.94795	3.132825	99.351075	5.7697	34.4902	40.4529
344ET_D	3.1608975	3.04487	3.5333	3.15835	5.77585	67.313275	77.816425	130.91	2.028725	3.126775	77.202	5.275475	36.0745	42.17285
346ET_D	2.89074	2.503705	3.84165	3.3083	7.633925	71.96485	83.272575	131.1325	2.570725	4.31235	93.757375	6.7786	32.273125	40.286875
353ET_D	3.4608975	3.0512825	3.95	3.55	7.4723	67.400675	77.710575	123.5425	2.8173	5.0374	90.926	7.211075	30.1601	39.3374
354ET_D	1.8722225	1.8194425	2.375	3.15835	7.376525	79.960325	88.698525	139.5825	2.28745	4.909725	91.883575	6.0629	33.44065	36.773925
355ET_D	3.2972225	2.7287025	3.68185	2.9182	7.007425	72.40645	83.513575	127.935	2.247375	4.502	93.131225	7.939175	29.1958	34.33945
356ET_D	2.2717925	2.6615375	2.56665	2.925	9.2382	76.371925	87.140525	141.88	2.87665	4.6918	112.1175	8.57865	28.57705	40.239575
357ET_D	2.3111125	2.621295	2.8	2.725	6.552725	78.625175	88.146075	140.425	1.9462	5.202575	90.34785	8.300075	31.612325	35.96235
360ET_D	3.1287025	3.699075	3.775	3.48335	8.422975	72.1466	81.37755	132.0275	3.03615	4.33115	101.6763	6.8308	34.008425	45.050575
361ET_D	2.73704	2.98426	3.6273	2.8091	5.48125	71.41775	83.0323	129.7425	1.68385	3.966275	89.60495	7.30335	28.111675	35.41145
362ET_D	3.080555	2.7157375	3.5917	3.025	6.984025	73.069025	82.885375	131.6875	2.147675	6.0135	93.730275	7.266675	28.481825	40.6147
365ET_D	2.2907425	2.519445	2.85835	2.94165	7.1226	76.213	86.26615	134.385	2.49225	4.837825	84.721375	6.996825	29.40675	38.270825
369ET_D	3.7775625	2.9423075	3.775	3.025	6.7664	72.0019	81.66635	130.0725	2.112625	4.520025	94.03515	7.87615	30.7414	34.464575
370ET_D	2.1166675	2.2935175	3.68335	3.2333	6.6053	73.64645	81.969675	129.12	2.424325	4.83325	99.97615	6.570075	27.0892	43.197225
372ET_D	2.9675925	3.1425925	3.91815	3.85455	8.420175	71.59775	81.518775	129.995	2.7117	3.848275	100.545175	7.1309	34.923425	48.412375
375ET_D	2.1777775	2.51389	3	2.9917	5.93105	77.145725	89.57765	132.1725	1.9225	4.301375	88.817125	7.820675	29.875875	37.765625
378ET_D	2.35	3.2435175	3.40835	3.2333	8.126525	73.27575	84.472075	132.71	2.836475	4.483175	92.0628	6.864925	30.2242	43.027375
380ET_D	3.57564	2.7820525	3.875	2.875	7.3509	70.4673	80.298975	124.3075	2.11085	4.746625	98.638625	7.114475	27.75925	33.825325
381ET_D	2.96218	2.783335	3.21665	3.08335	7.00405	71.953875	79.3947	131.785	2.081475	6.155525	102.26455	6.325825	28.63615	34.380275
382ET_D	3.26111	2.8518525	3.69165	2.88335	7.054775	68.825775	78.300625	125.4625	2.438125	4.54975	91.964325	6.88775	30.506875	42.418975
384ET_D	3.3648125	2.83611	3.87275	3.0273	6.128625	70.88845	80.3831	125.7725	1.82325	4.899375	91.456175	7.704225	23.9919	33.76745
386ET_D	3.102775	2.5148175	3.41665	2.89165	6.652725	73.625	82.740075	129.64	1.9587	4.196225	90.8043	6.773525	25.981175	37.0457
387ET_D	3.046795	3.78077	3.49165	3.325	7.32945	70.253325	80.314325	129.5675	2.50695	4.309825	100.03145	6.6226	34.716025	42.610325
388ET_D	2.752975	3.11845	3.74165	3.48335	8.370425	73.2206	82.22105	129.865	2.6416	4.692775	100.469775	7.260975	27.101375	42.1902
389ET_D	3.0981475	2.81296	3.48335	3.2167	8.864225	67.683	76.48045	130.98	3.215325	4.5279	101.15765	7.684825	26.269675	39.142325
390ET_D	3.0120375	3.3370375	3.525	3.58335	5.027725	68.150225	78.50885	130.3775	2.166025	3.540075	78.366425	5.9192	43.9972	35.77795
391ET_D	3.5324075	2.447225	3.8083	3.08335	6.933475	68.942375	79.543	126.6075	2.2321	5.386875	94.064575	7.32005	27.645075	36.830475
398ET_D	2.75278	2.6287025	3.51665	3.16665	9.149675	73.999125	83.129675	138.94	2.66525	4.486825	105.574575	7.510575	28.227625	34.52485
399ET_D	3.504485	3.21795	3.64165	3.05835	8.092675	70.439025	80.900125	130.42	2.659125	4.2863	93.7742	10.586075	30.307475	40.675475
400ET_D	1.7648125	2.1620375	2.05835	2.66665	7.2676	77.4381	87.259875	143.725	2.043075	5.069125	95.8096	6.96365	30.536775	37.2842
402ET_D	2.9129625	3.51574	3.4917	3.4167	8.127525	75.439625	84.0145	129.22	2.847	4.9966	97.938175	7.6178	32.2817	40.938925
403ET_D	2.9916675	2.8166675	3.4	3.15835	8.66795	70.55255	77.4419	133.11	2.601	3.748375	103.155875	7.4343	31.335125	42.5361
405ET_D	3.49722	2.9824075	3.35835	3.3298	7.26505	73.254775	82.794725	130.12	2.502575	5.480525	102.046775	9.4237	30.78565	39.824875
407ET_D	2.2262825	2.978845	3.56365	3.34545	7.19955	67.401325	77.1186	131.9275	2.335325	3.829425	102.25505	7.310125	33.004775	37.450925
408ET_D	3.3051275	2.2884625	3.55	2.8	6.493775	70.60525	81.18415	129.1425	1.819425	4.561125	93.82455	7.9182	31.04025	35.664725
409ET_D	2.2250025	2.283335	2.76665	2.775	6.921925	80.658325	90.49345	133.835	2.15705	4.533575	89.229875	7.752675	31.4045	34.878825
411ET_D	3.5679475	2.90577	3.4917	2.925	6.9438	70.761175	81.718525	132.1775	1.85035	4.3773	98.7439	6.6239	30.459625	33.2506
414ET_D	3.4596175	3.9557675	4.025	3.95835	7.0943	68.0791	77.147775	133.46	2.750575	3.98775	80.08485	7.877325	38.317525	35.3599
415ET_D	3.55648	3.4777775	3.325	3.25835	7.637675	72.231975	81.859675	127.4775	2.685825	5.02355	99.494225	7.49235	30.5848	40.4112
416ET_D	2.2	3.11574	3.60835	3.2833	6.751675	73.97925	85.374325	137.805	2.52765	4.962775	90.119725	7.366725	28.817025	43.884175
418ET_D	2.2555575	1.9768525	2.2583	2.65	5.915375	77.372125	86.511825	137.95	1.766525	4.784375	78.582675	6.0346	24.7087	36.95345
419ET_D	3.2698725	3.1012825	3.86365	3.35455	9.599825	69.71175	78.161475	133.27	2.88255	6.94195	108.205	7.392525	29.240025	37.360075
420ET_D	2.640385	2.2262825	3.23635	2.6781	6.2687	75.18255	85.177675	130.82	1.9093	5.363225	98.1196	7.1997	31.231425	36.331925
421ET_D	2.525925	2.84074	3.01665	3.28335	5.379575	74.8491	85.3305	132.7425	2.141175	4.6811	91.2987	6.988525	29.98365	41.229675
422ET_D	2.87778	2.622225	2.66665	2.78335	6.651975	79.63425	89.944225	135.87	2.206725	4.381475	87.00215	7.470125	30.6329	37.51275
423ET_D	2.635185	2.330555	3.3	2.51665	5.11235	76.387475	87.546125	133.3775	1.3565	4.54945	81.8252	6.217775	28.113575	35.1184
427ET_D	3.59872	3.108975	3.79165	2.925	6.8643	66.71075	75.824025	127.385	2.21575	6.1266	92.0442	7.3175	26.3976	39.546
428ET_D	NA	NA	NA	NA	7.19045	67.54705	79.36715	122.54	2.14015	5.7979	112.87	8.84925	34.09005	32.3002
429ET_D	1.9993575	1.8044875	2.75455	2.64545	5.885075	76.523625	86.9024	136.375	2.035425	5.702875	86.41885	6.994875	31.7466	35.194175
431ET_D	3.6814825	2.8925925	3.28335	2.68335	9.008325	73.63305	83.05025	126.415	3.234575	4.887525	85.676525	7.38015	32.429675	36.142625
432ET_D	2.5076925	3.00577	3.15	3.5417	8.29125	76.8916	87.03705	132.095	2.623575	4.216625	102.38	7.46095	31.327775	38.663975
433ET_D	2.3666675	3.1398125	2.86665	3.2333	7.962125	80.4035	90.188825	140.23	2.41445	3.966725	96.024425	6.740025	40.8238	42.9259
435ET_D	2.9551275	2.7467925	2.89165	2.9	6.577425	77.24005	87.831175	135.37	2.249025	3.5948	89.268125	6.88795	32.769025	38.84015
437ET_D	2.8462975	3.14815	3.675	3.4667	7.88215	74.040825	83.4621	132.5075	2.595025	5.69005	101.7453	7.6945	29.018875	44.869175
438ET_D	2.6339725	2.33654	2.925	2.675	8.07305	75.74715	85.55195	136.715	2.4312	5.185875	94.139975	7.4915	30.642575	36.6065
440ET_D	2.93077	2.91282	3.55	3.08335	7.8577	71.499175	82.391175	133.86	2.224425	4.790075	103.982775	7.671925	30.541775	36.069775
441ET_D	3.0679475	3.5903825	3.4833	3.7	7.24755	66.84865	77.4439	131.3675	2.611775	3.86045	94.8824	5.365225	38.14465	44.80865
444ET_D	2.9361125	2.8962975	3.69165	2.9	7.109325	74.316575	84.13235	129.4625	2.214425	4.6403	96.806475	7.935	29.318125	36.530325
445ET_D	2.46574	3.10741	2.86665	3.73335	7.466075	78.779475	89.0323	136.235	2.5653	4.928625	96.893225	7.397575	32.247675	41.910825
447ET_D	2.785185	3.18426	3.3909	3.6364	7.914825	74.955375	85.4877	133.3325	2.781025	4.4552	97.854675	6.9248	34.383525	43.063075
449ET_D	3.4222225	2.8037025	3.86665	3.50835	8.7216	68.66385	78.09425	128.6425	2.7301	5.1926	99.746525	7.392325	31.5174	42.150275
450ET_D	3.0474325	2.8217975	3.85455	3.28185	8.557925	69.0571	77.041025	130.4475	2.5449	4.580075	107.04	7.7739	33.44365	36.9759
451ET_D	2.125	1.8944425	3.3	2.6182	5.214275	76.710325	87.7635	132.15	1.59195	4.785925	85.298375	6.649825	27.63165	34.350575
452ET_D	3.524075	2.585185	3.4	3.1167	8.13555	70.667725	80.794875	126.13	2.395175	5.14475	97.1691	7.25205	27.5813	34.5294
453ET_D	2.450925	2.9333325	3.7917	3.5	7.89525	76.544025	86.433025	133.89	2.541875	5.032075	99.021675	7.2878	29.547725	38.892475
454ET_D	2.497435	3.429485	3.35	3.675	7.805675	71.731525	83.47305	131.2325	2.718975	4.431675	98.1281	7.0828	33.514525	44.81145
455ET_D	1.8379625	2.412035	2.98335	2.8667	5.396025	77.454925	87.244125	134.4475	2.0599	4.8526	90.2223	5.942075	29.1366	39.5407
459ET_D	2.977565	3.5762825	3.2818	3.6455	5.820275	67.9394	79.880775	131.2825	2.423025	3.804525	83.382625	5.9561	43.4815	36.0465
460ET_D	2.3788475	3.1294875	2.45835	2.7	5.376975	69.369425	80.33985	136.7775	1.51675	3.92625	102.773525	6.394525	36.36195	44.111575
461ET_D	NA	NA	NA	NA	6.47135	68.353775	78.9863	129.345	2.313775	4.25945	94.788575	6.556825	40.930525	36.931825
462ET_D	2.8824075	3.7925925	3.27275	3.78185	6.663975	70.433	80.456975	135.8475	2.441525	4.069025	92.356925	6.2284	39.3175	46.22575
464ET_D	2.6972225	3.341665	2.92725	3.29095	4.69555	64.59205	73.7565	133.495	1.5053	3.791075	99.34055	6.80705	35.2743	47.3999
465ET_D	2.24487	2.7519225	3.5909	3.2636	6.639725	68.56295	79.482775	135.4125	2.2037	4.180975	96.620175	6.768425	40.1719	43.03825
466ET_D	2.141665	2.814815	3.13635	3.4818	6.128725	68.503975	78.462875	136.0675	2.177075	3.94075	94.567775	5.97495	34.52875	46.3561
468ET_D	NA	NA	NA	NA	5.392875	66.060475	75.863675	133.485	1.866975	4.118775	101.19935	6.232625	36.36085	48.902225
469ET_D	2.4407425	2.69352	3.36365	3.03635	5.875875	72.534725	82.260325	130.8375	1.877925	4.23265	92.6733	5.970025	34.94515	37.13985
470ET_D	2.55064	3.36923	3.8182	3.8	7.205375	69.410175	79.27195	134.4575	2.608525	3.43455	107.1725	5.658325	39.1654	46.336275
471ET_D	3.1768525	3.5935175	2.99095	3.4909	6.119325	66.5454	79.666225	131.0575	2.25445	3.3631	76.768975	7.016425	41.5126	48.540475
473ET_D	2.66389	3.2425925	3.07275	3.4273	5.537725	67.992825	80.9268	136.825	1.899675	3.3726	76.11695	5.290025	36.35605	48.59525
474ET_D	1.9175925	2.455555	2.52725	2.66365	5.500825	70.2913	84.8756	137.985	1.975525	3.730825	76.91515	6.727975	37.06325	44.567175
475ET_D	2.6628175	3.3788475	3.4	3.35835	6.886025	76.514175	85.441375	135.025	1.75545	3.73815	100.0902	7.277575	36.20265	41.9994
478ET_D	2.0333325	2.07315	3.16365	2.53635	5.26485	77.3004	86.685625	133.2225	1.81845	3.886125	74.803375	7.1444	33.8947	35.02055
480ET_D	3.20641	2.7243575	3.53335	2.75835	9.5234	69.49215	79.21095	131.7775	3.0228	5.028725	104.147475	7.45225	29.56255	39.00415
482ET_D	2.6166675	3.17037	3	3.68335	6.85955	69.32865	80.213525	135.545	2.25675	2.9729	101.56525	5.62265	37.984025	49.8043
483ET_D	2.610895	3.5326925	3.075	3.4417	NA	NA	NA	NA	NA	NA	NA	NA	NA	NA
484ET_D	1.9775625	2.66923	3.13335	3.55835	6.5255	68.849475	79.2529	137.12	2.2325	3.3961	103.3553	5.955125	35.33365	45.203975
485ET_D	2.110895	3.199355	2.86665	3.375	7.06395	68.536425	80.101575	136.715	2.481525	3.451825	98.806075	5.98095	38.476075	46.366075
489NET_D	2.6583325	2.533975	2.78335	2.225	5.626575	77.5156	89.5894	134.2675	1.693525	3.8492	82.50365	6.840275	29.066025	36.2664
490NET_D	2.9358975	3.221795	3.775	3.3833	6.6987	70.596725	81.294825	129.7725	1.999025	4.496075	97.988475	6.298325	33.1919	36.958625
499NET_D	3.0583325	3.1777775	3.7091	3.47275	5.531325	72.989425	82.78725	128.9825	1.834775	4.793475	93.21255	6.3072	35.3978	35.515975
E501ET_D	1.928205	3	2.70835	3.69165	9.42395	79.28005	90.4278	136.03	2.8163	5.31255	106.622275	7.684475	31.8696	45.047825
E503ET_D	2.1518525	2.405555	2.8455	2.84545	8.045175	76.9428	87.571925	140.795	2.3627	5.166725	97.6252	7.1666	26.654875	37.314875
E504ET_D	1.953705	2.1064825	2.13335	2.625	7.41125	77.822775	87.328775	142.4175	2.3602	4.6377	100.480675	6.8738	26.549975	39.565475
E506ET_D	2.42963	1.994445	3.12725	2.1636	5.877025	83.06095	92.805175	139.1825	1.712	3.98065	81.693675	6.756475	26.442925	30.987125
E507ET_D	2.78889	2.9925925	3.225	3.2167	9.69355	68.109325	77.099775	136.8425	2.65085	4.563375	108.3975	7.711675	32.188375	36.52765
E508ET_D	2.8717925	1.9717975	3.74545	3.25455	6.6622	67.905375	77.76125	124.3325	2.29015	4.31125	91.8799	7.7369	27.7091	40.5751
E509ET_D	3.3141025	3.69359	3.6909	3.7909	7.82975	75.91765	84.99195	129.2225	2.734025	3.71935	104.36335	7.355775	37.55925	44.73935
E510ET_D	3.3935875	3.5551275	3.91665	3.36665	7.797875	69.2422	79.50395	127.08	2.6268	4.119575	112.78	8.2017	32.806975	47.990425
E517ET_D	3.5134625	3.7051275	3.76665	3.96665	7.75495	65.865125	74.832825	129.105	2.967325	5.206125	75.610975	7.13155	33.34795	36.785325
