Et_family	RIL	code	DB	DH	DF	DM	NSPKPS	NSePS	SPL_cm	PH_cm	NTPP	TGW_gm	BM_ton_ha	GY_ton_ha	PVSfemale	PVSmale
1	60	1_60	69.18	72.63	78.74	126.6	17.5	32.7	5.625	99.98	4.216	35.19	10.642	2.807	2.944	2.832
1	61	1_61	68.92	72.42	77.81	125.1	17.78	30.37	5.776	99.89	3.846	36.88	9.141	1.766	2.542	2.504
1	62	1_62	64.88	68.6	74.53	120.8	16.87	30.76	5.021	93.16	4.172	31.04	7.315	1.409	2.477	2.766
1	63	1_63	77.04	81.46	87.89	135	17.72	28.75	5.432	102.78	3.757	40.65	8.989	1.078	1.649	2.124
1	64	1_64	58.72	62.78	68.49	120.2	16.35	33.55	5.747	93.7	4.967	34.22	8.31	1.429	2.512	2.816
1	65	1_65	62.2	66.3	72.34	125.3	14.53	32.61	5.314	93.23	4.575	37.15	9.013	1.668	2.402	2.575
1	66	1_66	64.99	69.43	75.29	125.3	16.84	41.09	5.511	90.74	4.722	32.59	5.613	1.307	2.656	2.95
1	68	1_68	74.71	79.2	84.13	128.9	18.53	37.55	5.401	100.65	4.372	40.96	7.726	1.692	2.912	2.568
1	69	1_69	61.54	66.12	71.98	121.2	17.11	28.87	5.535	92.69	4.745	39.43	6.933	1.42	2.533	2.47
1	70	1_70	65.18	72.4	79.02	125	16.61	30.3	5.137	86.43	4.161	32.92	5.094	0.862	1.157	1.521
1	73	1_73	69.54	72.56	77.77	125.4	18.01	41.09	6.239	98.74	4.247	30.67	7.91	1.645	2.138	2.106
1	75	1_75	81.6	85.93	90.93	136.7	19.27	38.59	5.566	109.56	4.03	36.46	9.855	1.503	1.53	1.722
1	76	1_76	60.24	64.81	71.25	119.1	15.94	26.05	5.114	91.94	4.171	37.18	6.795	1.863	2.348	3.245
1	77	1_77	75.28	80.24	86.07	132.6	17.08	23.71	5.498	90.48	4.053	28.23	6.117	0.867	1.576	1.591
1	78	1_78	70.72	75.6	80.64	128.3	19.12	37.9	5.904	100.41	3.902	33.95	7.467	1.45	2.624	2.439
1	79	1_79	64.23	71.61	77.1	125.1	17.43	33.47	5.487	100.94	3.854	42.08	7.637	1.26	2.518	2.274
1	80	1_80	71.35	74.53	81.07	130.1	17.85	29.8	5.661	92.15	4.961	30.51	6.788	1.095	2.333	2.201
1	81	1_81	72.52	75.87	81.12	131.1	17.26	30.67	5.21	97.12	4.506	34.13	9.199	3.157	2.639	2.506
1	82	1_82	76.38	81.66	87.09	132.8	18.16	34.92	5.464	94.08	4.447	23.88	8.176	1.073	1.857	1.87
1	83	1_83	63.48	68.13	74.46	123.6	15.95	33.85	5.368	96.82	5.448	36.76	9.096	1.864	2.552	2.669
1	84	1_84	60.05	64.96	69.44	120.2	16.67	31.81	5.107	99.72	4.532	34.9	7.161	1.311	2.235	2.326
1	87	1_87	71.23	74.89	81.13	127.4	18.07	30.57	6.058	111.06	4.445	31.94	8.669	1.285	2.082	2.054
1	88	1_88	62.84	67.31	73.4	120.7	17.08	31.89	5.146	97.94	4.197	37.44	6.687	1.376	2.331	2.602
1	89	1_89	66.67	70.68	79.19	126.8	15.67	37.2	4.975	91.68	4.523	35.35	8.26	1.696	3.06	2.893
1	90	1_90	55.77	60.37	68.96	119.7	16.56	32.9	5.701	89.35	3.967	39.25	6.31	1.262	2.49	2.832
1	91	1_91	64.54	68.99	73.35	123.8	16.35	37.82	5.579	91	4.447	35.03	8.333	1.628	2.879	3.555
1	92	1_92	76.26	83.22	88.72	129.8	16.52	27.86	5.285	105.87	4.544	35.69	8.176	1.209	2.097	2.084
1	93	1_93	66.47	70.31	76.44	124.4	16.23	31.2	6.24	96.16	3.946	33.12	8.1	1.835	2.669	2.542
1	94	1_94	67.05	70.72	75.44	124.3	17.83	32.32	6.197	106	4.594	31.37	7.803	1.412	2.203	1.596
1	95	1_95	61.14	65.97	71.15	122.1	16.5	30.16	5.165	93	4.828	31.32	6.449	1.446	2.152	2.679
1	96	1_96	63.9	68.06	73.67	119.9	16.13	26.57	5.673	107.76	4.514	37.39	7.568	1.562	2.661	2.758
1	97	1_97	71.16	75.09	81.36	123.9	17.63	40.94	5.649	109.19	4.348	30.07	7.165	1.367	3.442	3.559
1	100	1_100	60.48	64.98	71.25	119.3	17.34	32.1	5.572	93.21	4.457	33.56	7.548	1.802	3.382	3.598
1	101	1_101	68.56	72.21	78.5	125.6	19.01	35.84	5.674	105.72	4.376	30.27	9.311	1.629	3.035	2.801
1	103	1_103	63.54	67.46	73.74	122.6	15.96	26.61	5.371	97.04	5.032	42.77	6.562	1.128	2.573	2.823
1	105	1_105	65.04	68.74	74.03	122.6	17.15	32.2	5.232	92.47	4.292	30.18	6.026	1.344	2.737	2.323
1	107	1_107	70.64	74.7	80.6	127.7	17.06	43.03	5.392	95.75	4.073	28.79	9.65	1.596	3.593	3.81
1	108	1_108	63.62	67.52	74.12	123.1	16.2	38.14	5.685	89.6	4.087	28.99	7.798	1.706	2.375	2.367
1	110	1_110	68.82	72.71	78.77	123.9	14.54	34.36	5.465	96.51	4.398	27.45	7.281	1.239	2.457	2.846
1	111	1_111	66.89	70.62	78.94	121	19.31	36.47	6.366	114.76	4.358	38.2	8.74	1.563	2.566	3.178
1	112	1_112	59.47	64.53	69.47	118.2	16.37	26.67	5.217	97.06	4.015	38.78	6.726	1.366	2.603	3.035
1	113	1_113	56.38	60.23	67.08	117.9	15.8	26.16	5.007	98	4.539	34.96	4.542	1.227	1.964	2.33
1	114	1_114	58.34	62.44	67.98	118	15.84	36.59	5.624	92.84	4.424	35.1	6.996	1.894	2.482	2.567
1	115	1_115	60.29	64.61	71.04	119.7	17.51	39.73	6.377	104.64	4.105	37.5	8.128	1.687	2.744	3.212
1	116	1_116	68.18	72.64	77.95	126.6	17.16	32.5	5.591	112.97	4.696	34.83	8.401	1.876	3.179	3.239
1	118	1_118	63.81	67.51	74.21	125.4	15.39	24.63	5.461	90.46	4.934	35.7	7.074	1.311	2.3	2.059
1	128	1_128	74.07	78.67	84.18	131.6	18.19	39.57	5.083	110	4.283	33.15	8.915	1.339	2.953	2.781
1	152	1_152	64.48	68.38	73.78	120	17.19	27.13	5.711	94.64	4.392	32.56	5.015	1.071	1.942	2.072
1	161	1_161	69.62	73.64	79.25	122.5	17.01	31.37	6.015	98.89	4.601	29.34	6.585	1.146	1.942	1.839
1	172	1_172	60.95	65.49	70.1	120.7	15.48	30.49	4.628	94.02	4.718	30.56	6.839	1.027	2.555	3.066
3	1	3_1	60.74	64.85	70.35	120.9	15.99	36.98	5.001	93.77	4.502	33.81	6.801	1.686	2.41	2.76
3	2	3_2	67.65	71.83	78.29	126.9	17.49	34.52	5.37	92.7	4.799	31.04	8.743	1.894	2.84	2.353
3	3	3_3	71.55	75.16	81.79	126.4	19.09	31.14	5.474	98.97	4.534	34.14	8.518	1.429	1.85	2.112
3	4	3_4	60.74	64.82	69.47	122.5	17.42	28.6	5.312	94.63	4.051	36.45	7.35	1.636	1.796	2.475
3	5	3_5	58.63	63.36	69.23	117.1	15.71	34.16	5.13	85.32	3.874	32.29	5.174	1.386	2.174	2.324
3	6	3_6	72.6	77.01	82.12	129	17.6	26.18	5.507	96.63	4.191	32.23	6.292	1.006	2.146	2.289
3	7	3_7	79.07	84.26	89.91	130.9	17.79	28.99	5.357	91.01	4.353	31.78	6.356	1.012	1.556	1.615
3	8	3_8	76.36	81.08	87.14	131.7	17.94	25.14	5.792	101.24	4.242	32.31	7.021	1.231	2.387	2.37
3	9	3_9	60.88	66.34	70.71	121.2	16.47	33.24	5.252	86.49	4.149	25.72	6.276	1.211	2.086	2.295
3	11	3_11	74.41	78.73	84.96	129.6	18.05	27.1	6.871	93.73	4.521	37.33	7.089	1.375	1.82	1.864
3	12	3_12	72.38	75.75	80.46	131.9	17.77	33.48	5.872	104.98	3.884	34.16	7.184	1.323	2.149	2.126
3	13	3_13	64.16	67.98	72.46	120.8	17.55	34.81	5.208	83.51	4.166	33.66	5.777	1.259	2.49	2.698
3	14	3_14	58.97	63.3	69.21	119	15.55	31.58	5.055	91.47	4.423	32.95	6.639	1.511	2.668	2.493
3	15	3_15	60.53	64.74	69.79	121.1	17.29	33.43	5.139	85.43	3.906	36.53	6.495	1.64	2.473	2.522
3	16	3_16	63.43	67.54	72.79	121.2	16.65	31.62	5.804	87.97	5.21	27.53	6.855	1.242	2.198	2.214
3	17	3_17	66.62	70.37	75.59	124	16.57	38.42	5.841	94.64	5.148	34.06	6.446	1.278	2.293	2.159
3	19	3_19	64.14	68.94	75.21	121.5	16.51	33.12	5.236	97.25	5.789	33.8	7.061	1.501	2.89	2.793
3	20	3_20	62.69	67.21	72.01	121.3	16.75	37.5	5.047	89.42	4.892	32.84	6.685	1.634	2.078	2.34
3	21	3_21	62.99	67.28	72.49	123.5	17.01	30.63	4.892	84.18	4.55	38.08	6.355	1.405	2.379	2.119
3	22	3_22	73.87	78.06	83.69	131.3	16.5	33.32	5.799	98.57	4.474	34.74	6.867	1.305	2.441	2.269
3	23	3_23	63.12	67.11	72.53	120.5	16.61	29.79	5.209	90.31	4.615	34.88	7.564	1.629	2.635	2.706
3	24	3_24	62.75	67.13	71.83	121.5	16.9	33.23	5.851	96.01	4.588	36.13	6.168	1.394	2.728	2.768
3	25	3_25	58.45	63.54	68.72	126	15.04	32.9	5.153	87.87	4.993	38.5	6.863	1.75	2.37	2.622
3	26	3_26	56.72	60.71	67.45	119.5	16.63	25.73	4.849	81.67	5.065	35.99	5.735	1.456	1.966	1.992
3	27	3_27	79.05	83.27	88.45	130.7	18.07	28.79	6.108	94.21	4.332	31.34	7.122	0.811	1.64	1.886
3	28	3_28	62.78	66.94	71.38	120.1	16.49	37.26	5.902	86.93	4.082	30.28	5.867	1.461	1.937	1.806
3	29	3_29	77.96	83	89.12	134.5	16.6	40.81	5.572	88.91	4.003	30.76	9.036	1.19	2.294	2.122
3	30	3_30	57.01	61.16	67.72	119.3	15.8	30.17	4.95	94.87	5.251	31.58	5.516	1.327	2.311	2.152
3	31	3_31	70.59	74.42	79.97	127.6	16.47	27.35	5.414	90.85	4.774	33.49	8.997	1.621	2.5	1.918
3	33	3_33	72.33	76.61	82.5	126.9	18.35	33.01	5.894	89.54	3.773	32.21	7.888	2.192	2.576	2.24
3	34	3_34	64.02	68.4	73.16	126.1	17.81	38.16	5.803	88.52	4.497	29.88	7.306	1.555	2.644	1.859
3	35	3_35	74.02	77.86	83.93	127.2	17.32	32	5.458	90.69	4.288	35.78	6.396	1.255	2.602	2.573
3	36	3_36	63.41	67.58	73.6	127.8	17.24	32.24	5.34	96.79	4.275	37.65	9.744	1.944	2.672	2.216
3	37	3_37	65.79	70.11	75.49	124.5	17.21	43.81	5.127	90.47	4.532	39.46	6.879	1.819	2.67	2.696
3	38	3_38	74.28	79.21	84.43	127.7	17.98	32.13	6.012	95.65	5.026	33.28	6.875	1.018	2.019	1.903
3	39	3_39	74.61	79.4	85.55	134.1	18.4	38.38	5.778	95.48	4.252	33.25	8.123	1.183	2.559	2.336
3	40	3_40	75.97	79.97	86.18	127	19.33	38.45	6.512	96.85	4.34	28.79	6.879	1.289	1.954	1.714
3	41	3_41	62.16	67.6	72.6	118.6	15.25	35.33	6.393	87.04	4.783	35.92	7.12	1.369	2.24	3.1
3	42	3_42	71.24	75.41	81.61	128.3	17.2	33.68	5.468	92.49	4.113	31.51	7.775	1.413	1.814	2.532
3	43	3_43	75.71	80	85.21	129.9	17.26	24.42	6.044	99.02	3.753	32.17	6.123	1.1	2.265	2.083
3	44	3_44	80.43	84.93	90.29	131.4	16.44	34.62	5.789	88.19	4.527	32.78	5.707	0.922	1.552	1.894
3	45	3_45	69.16	73.35	78.89	129	16.56	26.78	5.264	95.87	4.455	36.94	8.246	1.438	1.767	1.949
3	46	3_46	80.2	84.94	88.32	134.5	17.6	40.12	5.541	87.86	4.604	28.85	6.35	0.628	1.598	1.851
3	47	3_47	58.74	63.48	71	126.6	17.24	33.74	5.494	84.59	4.309	33.53	6.163	1.418	2.447	2.538
3	49	3_49	60.39	65.36	70.67	122	15.87	33.82	4.971	89.01	4.772	34.83	7.116	1.769	3.239	3.275
3	50	3_50	65.59	69.92	74.85	125.6	17.54	26.76	5.49	87.81	3.955	30.62	6.238	1.12	2.091	2.732
3	51	3_51	74.31	78.32	83.73	126.9	19.52	35.71	6.03	93.08	4.68	35.87	8.172	1.523	2.117	1.98
3	52	3_52	66.88	70.89	75.29	126.2	16.91	27.4	5.545	85.62	4.313	36.23	5.497	1.432	2.678	2.605
3	53	3_53	67.99	71.8	77.07	126.2	16.83	31.53	5.032	87.56	4.499	40.67	6.584	1.333	2.453	2.329
3	54	3_54	63.28	67.41	72.43	129.4	18.1	38.21	5.78	91.26	4.008	33.65	6.446	1.769	3.094	3.292
8	16	8_16	66.96	70.82	77.25	126.5	17	25.85	5.76	101.16	4.393	32.42	7.112	1.095	3.005	3.286
8	17	8_17	66.51	70.9	76.03	124.5	16.76	31.76	5.476	95.5	4.457	30.35	8.306	1.693	2.574	2.438
8	18	8_18	63.77	68.03	73.47	123.3	15.51	29.14	5.394	89.33	5.019	28.02	7.199	1.26	2.04	2.417
8	19	8_19	54.61	59.74	65.54	117.7	15.84	32.58	5.747	82.54	3.943	34.43	4.857	1.257	2.27	2.268
8	20	8_20	65.35	68.94	74.95	121.8	14.89	25.19	5.211	86.38	4.244	36.67	9.008	1.106	1.618	1.889
8	21	8_21	60.74	64.42	69.91	119.7	16.1	39.66	5.302	80.69	4.227	36.74	6.99	1.588	2.358	2.624
8	22	8_22	54.52	59.13	64.82	120.6	15.66	21.43	5.637	95.74	4.699	43.37	5.529	1.377	2.38	2.215
8	23	8_23	62.4	66.26	72.53	123.1	16.22	35.9	5.27	88.5	4.5	28.7	5.59	0.925	2.216	2.401
8	25	8_25	65.76	69.18	73.98	126.5	17.9	38.25	5.7	94.54	4.473	33.52	8.554	1.481	2.524	1.904
8	26	8_26	65.44	69.24	75.08	122.2	16.62	38.58	5.631	104.35	4.334	33.06	7.019	1.626	2.329	2.293
8	27	8_27	74.32	78.71	84.32	132.7	17.79	32.18	6.344	99.64	4.549	29.67	8.608	1.237	1.859	1.945
8	28	8_28	62.02	66.28	71.26	119.7	16.98	35.99	5.848	99.56	3.992	33.89	9.113	1.831	2.428	2.719
8	29	8_29	74.23	79.08	85.25	132.4	17.4	30.64	5.889	96.52	4.253	32.63	7.371	1.12	2.023	2.437
8	30	8_30	60.25	64.26	69.61	120.3	16.8	35.59	5.404	99.81	4.585	33.64	7.075	1.33	2.125	2.232
8	31	8_31	66.55	70.84	76.14	122.4	17.42	27.69	5.339	92.11	4.741	29.12	6.959	1.286	2.985	3.046
8	32	8_32	67.8	72.12	77.95	123.8	17.84	33.01	5.27	96.22	4.042	34.72	6.552	1.551	2.697	3.256
8	33	8_33	64.37	67.98	72.44	123	16.21	31.46	5.438	58.08	5.127	32.92	4.522	0.453	0.965	2.522
8	34	8_34	59.71	63.69	69.39	122	15.06	33.57	5.158	81.94	4.222	28.95	7.384	1.69	2.464	2.251
8	35	8_35	60.58	65.05	70.62	119.5	16.01	30.45	5.487	99.29	4.444	36.72	6.72	1.379	2.225	2.424
8	37	8_37	57.22	61.43	70.5	122.1	16.36	28.08	5.342	96.39	4.483	36.02	7.771	1.688	2.436	2.469
8	39	8_39	61.74	65.75	71.39	121	16.13	32.92	5.338	85.86	5.037	38.55	9.838	1.706	2.998	3.167
8	41	8_41	61.4	66.64	71.39	126.6	14.57	33.02	5.174	91.88	4.974	29.64	6.938	1.182	2.243	2.257
8	42	8_42	75.06	79.23	84.66	125.1	16.2	37.11	5.612	101.1	4.875	26.34	7.126	1.059	1.627	1.887
8	43	8_43	78.28	82.41	88.99	134.1	17.55	30.92	5.634	90.2	4.611	32.13	8.037	1.166	2.237	1.969
8	44	8_44	70.13	75.33	81.1	128.2	17.52	26.93	5.215	97.12	4.685	35.42	9.21	1.631	3.275	3.458
8	45	8_45	58.2	62.05	68.29	120.4	17.45	34.58	5.641	87.37	4.744	31.58	7.139	1.767	2.203	2.769
8	46	8_46	59.53	63.6	69.18	122.2	16.94	37.77	5.709	98.61	4.71	40.32	8.596	1.921	2.354	2.599
8	47	8_47	65.45	69.14	74.75	126.8	19.2	33.12	6.034	100.91	4.617	36.58	7.88	1.473	2.543	2.413
8	48	8_48	73.9	79	83.74	124.5	16.64	36.27	6.34	89.72	4.449	32.01	6.09	1.137	2.028	1.809
8	49	8_49	63.26	67.24	73.1	119.3	17.15	35.58	6.094	95.76	4.045	33.78	9.021	1.403	2.661	2.71
8	50	8_50	75.06	79.21	85.99	128.6	16.57	29.73	5.721	96.73	4.451	31.58	7.774	1.399	2.916	2.936
8	52	8_52	66.6	71.04	76.03	126.9	15.91	28.11	4.837	92.37	4.619	28.66	8.544	1.583	2.196	2.253
8	53	8_53	61.68	65.14	70.59	123.5	17.26	30.4	6.18	98.26	5.191	38.44	8.48	1.983	2.869	2.616
8	54	8_54	63.24	67.24	73.73	123.8	17.57	34.78	6.467	102.7	4.63	36.4	8.718	1.663	3.284	3.027
8	55	8_55	61.54	66.35	71.08	121.5	16.5	38.92	5.946	94	4.03	33.24	7.828	1.679	2.254	2.984
8	56	8_56	55.88	60.32	66.46	118.8	16.62	30.7	5.43	94.62	5.335	33.69	7.126	1.724	2.554	2.431
8	57	8_57	71.21	75.67	81.35	125.4	16.15	31.56	5.709	95.08	4.679	38.22	6.749	1.167	2.539	2.549
8	58	8_58	58.89	63.53	67.65	118.7	16.04	35.22	5.659	91.61	5.151	31.07	7.281	1.402	2.171	2.273
8	59	8_59	59.2	63.51	68.91	123.3	16.94	28.34	5.329	92.91	4.805	35.96	7.81	1.724	3.147	2.516
8	60	8_60	59.72	64.72	69.9	120.8	17.01	37.23	6.247	100.04	4.652	36.65	6.85	1.463	2.091	2.708
8	61	8_61	63.57	67.98	74.86	119.3	17.03	42.83	5.447	97.35	4.522	37.52	7.005	1.531	3.103	3.435
8	62	8_62	63.73	67.85	72.95	122.3	17.22	33.44	5.778	95.36	4.148	30.65	7.945	1.956	2.698	2.623
8	63	8_63	68.76	72.84	78.6	123.3	18.02	28.07	6.843	99.72	4.18	24.89	7.003	1.193	1.9	2.012
8	64	8_64	60.95	65.17	70.45	119.1	16.16	31.5	5.276	94.46	4.584	27.17	6.506	1.334	1.955	2.599
8	65	8_65	67.17	71.19	76.43	124.3	16.48	36.54	5.849	95.87	4.259	37.98	7.881	1.504	2.382	2.549
8	66	8_66	68.71	73.11	78.7	123.2	16.64	31.95	5.93	98.22	4.143	35.27	9.269	1.711	2.607	2.304
8	67	8_67	60.42	64.47	70	118.9	16.44	38.69	5.507	90.84	4.309	30.46	6.154	1.533	2.09	2.317
8	68	8_68	61.9	66.09	71.72	121.3	17.73	33.97	5.845	102.71	4.687	31.22	7.676	1.905	2.592	2.501
8	69	8_69	60.84	65.39	69.96	118.1	15.68	35.58	5.431	91.8	4.292	31.32	6.051	1.263	2.192	1.747
8	71	8_71	65.22	69.8	76.65	125.1	16.95	34.67	5.514	101.55	4.522	33.22	6.388	1.469	2.684	2.759
