entry	PW_T	PL_T	SEV_T
1_1	0.924285714	18.91428571	3.857142857
1_15	0.275	4.2	4.55
1_23	0.586153846	19.53846154	3.653846154
1_25	0.715	18.94444444	3.722222222
1_3	0.706666667	17.33333333	3.333333333
1_30	0.453333333	14.11111111	4.277777778
1_31	0.833	30.7	2.725
1_32	0.610526316	30.68421053	2.578947368
1_39	0.830714286	35.21428571	3.035714286
1_45	0.8115	34.55	2.775
1_47	0.819473684	32.52631579	3.078947368
1_66	0.637222222	11.05555556	4.333333333
1_80	0.5665	20.25	3.95
1_89	0.901	32.55	2.625
10_15	0.652857143	17.14285714	3.035714286
10_18	0.7215	19.55	2.95
10_29	0.912941176	30.88235294	2
10_36	0.459090909	14.36363636	3.772727273
10_37	0.79	26.76470588	2.294117647
10_38	0.919	28.25	2.55
10_41	0.524117647	28.94117647	2.647058824
10_43	0.735555556	23.44444444	3.444444444
10_47	0.892142857	28.14285714	2.785714286
10_5	0.8525	28.9375	2.40625
10_8	0.616153846	17.68461538	3.269230769
10_9	0.579411765	21.08823529	3.470588235
11_3	0.78	17.23529412	2.823529412
11_30	0.355555556	7	4.444444444
11_32	0.827894737	27	2.394736842
11_4	0.515714286	18.71428571	3.142857143
11_49	0.529090909	10.63636364	4.454545455
11_52	0.665	24.25	2.875
11_55	0.8495	30.25	2
11_61	0.793684211	29.73684211	2
11_63	0.554375	18.5	2.9375
11_65	0.469333333	17.46666667	3.233333333
11_7	0.793333333	20.6	3.3
11_71	0.721052632	30	2.210526316
11_74	0.607	18.6	3.55
12_1	0.863888889	36.11111111	1.777777778
12_104	0.828235294	28.58823529	2.558823529
12_117	0.7315	28.15	2.725
12_21	0.3975	8.125	4.625
12_34	0.947368421	34.26315789	2.421052632
12_37	1.016	28.25	2.4
12_39	0.77	28.75	2.40625
12_40	0.666	21.26666667	2.9
12_41	0.836666667	22.27777778	2.972222222
12_48	0.6165	26.2	2.7
12_66	0.77	23.68421053	3.473684211
12_84	0.867894737	31.52631579	2.157894737
12_86	0.560625	9.4375	4.125
13_107	0.936842105	23.10526316	2.815789474
13_22	0.8805	38.05	2.8
13_23	0.838421053	31.05263158	1.894736842
13_25	0.951	33.6	1.85
13_28	0.829	29.5	2.5
13_3	0.74	17.82352941	3.294117647
13_30	0.9415	34.15	1.625
13_31	0.832105263	25.21052632	2.342105263
13_33	0.736842105	18.94736842	2.578947368
13_36	0.627	17.5	3.675
13_4	0.6165	21	2.9
13_41	0.7825	34	2.475
13_5	0.670555556	27.5	2.666666667
13_60	1.008888889	33.61111111	2.5
14_11	0.64375	22.6875	3.5
14_12	1.0095	39.15	2.125
14_13	1.176666667	39.16666667	1.944444444
14_25	0.5975	27.125	2.75
14_32	0.6315	26.4	2.15
14_36	0.664705882	22.41176471	3.176470588
14_39	1.023157895	32.63157895	1.868421053
14_5	0.948	33.25	2.975
14_67	0.806	32.15	2.025
14_73	0.842	24.05	2.775
14_84	0.467777778	3.444444444	4.666666667
14_92	0.795	32.6	1.875
14_93	1.037368421	33.63157895	2.052631579
15_1	0.487222222	17.88888889	3.222222222
15_103	0.783	28.65	2.4
15_111	0.379285714	9.714285714	4.071428571
15_15	0.9395	33.8	2.075
15_22	0.626315789	28	2.184210526
15_23	0.815	33.1	2.2
15_24	0.592	28	3.2
15_6	0.67125	21.8125	3.375
15_73	0.731	26.65	2.6
15_8	0.61125	16.3125	3.5625
15_84	0.518823529	21.41176471	3.294117647
15_93	0.586842105	27.15789474	2.578947368
16_10	0.877647059	27.41176471	2.647058824
16_104	0.800769231	32.92307692	2.115384615
16_22	0.3825	5.25	4.583333333
16_29	0.771052632	27.21052632	2.736842105
16_51	0.581538462	22.76923077	2.769230769
16_6	0.845	25.75	2.65625
16_75	0.969411765	25.76470588	2.882352941
16_81	0.792666667	29.66666667	2.8
16_83	0.585833333	13.16666667	3.791666667
16_86	0.8375	34	2.325
16_87	0.909	38.15	2.15
16_92	0.820625	24.5	2.71875
17_35	0.891875	23.4375	3.53125
17_41	0.785789474	26.94736842	2.605263158
17_43	0.681578947	18.73684211	4.052631579
17_51	0.85	31.57894737	2.789473684
17_54	0.78	23.91666667	3.166666667
17_56	0.8185	34.7	2.65
17_59	0.715263158	23.94736842	2.973684211
17_60	0.6725	16.75	3.8125
17_62	0.785	29.35	2.975
17_7	0.816	33	2.125
18_2	0.788888889	28.83333333	2.944444444
18_22	0.875	30.2	2.975
18_24	0.6995	26.85	3.075
18_27	0.719473684	31.42105263	2.342105263
18_3	0.9995	35.625	2.3375
18_66	0.848	26	2.4
19_1	0.708	31.53333333	2.966666667
19_14	0.767368421	26.05263158	2.815789474
19_18	0.771	31.55	2.675
19_2	0.875	34.55555556	2.166666667
19_23	0.595882353	16.76470588	3.911764706
19_30	0.633684211	28.05263158	3.447368421
19_33	1.174	26.45	2.925
19_36	0.91	29.82352941	3.117647059
19_38	0.773	35	2.375
19_40	1.0075	35.3	2.2
2_11	0.666	18.06666667	3.766666667
2_15	0.909	29.9	2.75
2_28	0.942	27.65	3.075
2_46	0.753529412	24.23529412	3.676470588
2_54	0.978	34.2	2.225
2_59	0.963157895	34.42105263	2.421052632
2_61	0.542727273	19.36363636	3.090909091
2_62	0.4925	19.75	3.375
2_67	0.943333333	29.05555556	2.944444444
2_71	0.7955	25	3.2
2_73	0.884117647	30.05882353	2.911764706
2_76	0.86	31.05263158	2.289473684
20_12	0.907	36.25	2.375
20_13	1.057647059	29.05882353	3.058823529
20_15	0.8855	25.95	3.425
20_17	0.754444444	22.5	3.527777778
20_24	0.736666667	30.11111111	3.444444444
20_26	1.176842105	33.42105263	2.447368421
20_28	0.514117647	13.05882353	4.088235294
20_30	0.6675	24.25	3.34375
20_31	0.704615385	24.15384615	3.692307692
20_44	0.967	35.55	2.425
20_45	0.784210526	23.10526316	3.447368421
20_54	0.598666667	19.4	3.4
20_8	0.896666667	30.83333333	2.666666667
21_11	0.716923077	20.15384615	3.115384615
21_12	0.6885	30.55	2.7
21_16	0.841	27.75	2.675
21_19	0.86	28.44736842	3
21_24	0.65	32.25	2.55
21_34	0.753529412	29.17647059	2.558823529
21_38	0.909375	29.9375	3.21875
21_47	0.8495	35.25	2.3
21_49	0.7805	26.3	3.275
21_6	0.7705	33.55	2.825
22_10	0.7285	26.4	3.1
22_11	0.683888889	18.88888889	3.444444444
22_15	0.829230769	25.92307692	3.192307692
22_22	1.177222222	40.27777778	2.194444444
22_3	0.92	31.41176471	2.852941176
22_34	0.79	32.85	2.85
22_35	0.769411765	27.64705882	2.882352941
22_36	0.788235294	29.05882353	2.764705882
22_38	0.914117647	27.35294118	3.058823529
22_42	0.825	28.8	2.775
22_45	0.783529412	27.88235294	2.852941176
22_5	0.8055	39	2.225
22_6	1.1665	41.45	1.925
23_11	0.480526316	15.21052632	3.447368421
23_24	0.405789474	5.105263158	4.763157895
23_25	1.039473684	35.21052632	2.5
23_26	0.69	26.29411765	3.176470588
23_28	0.721176471	28.70588235	3.205882353
23_29	1.144	30.35	3.05
23_3	0.566	13.2	3.85
23_37	0.672352941	25.94117647	2.911764706
23_43	1.155	34.35	2.85
23_44	0.985	28.92857143	2.857142857
23_6	0.724666667	23.06666667	3.2
23_7	0.821111111	37.94444444	2.5
23_8	0.546666667	21.27777778	3.194444444
23_9	1.152	34.8	2.25
24_1	0.792105263	32	2.736842105
24_10	0.91875	39.6875	2.4375
24_12	0.556	18.26666667	3.6
24_13	0.459473684	7.631578947	4.5
24_14	0.768461538	21.92307692	3.653846154
24_15	0.776315789	29.89473684	2.5
24_21	0.802631579	30	3
24_23	0.633846154	17.69230769	3.461538462
24_26	0.829411765	23	2.882352941
24_6	0.8775	32.75	2.625
24_7	0.836	32.7	2.975
24_9	0.833157895	22.10526316	3.078947368
25_1	0.792666667	23.06666667	3.333333333
25_15	0.931052632	39.57894737	2.052631579
25_16	0.805	37.45	2.475
25_17	1.064444444	27.33333333	3.222222222
25_19	0.602666667	21.33333333	3.066666667
25_2	0.671578947	30.73684211	2.947368421
25_20	0.842	36.65	2.675
25_25	0.702	24.4	3.25
25_3	0.617	21.1	3.5
25_37	0.521875	18.1875	3.71875
25_5	1.003333333	38.61111111	2
26_12	0.645	22.22222222	3.416666667
26_19	0.913333333	24.86666667	3.366666667
26_2	0.441818182	12.72727273	4.090909091
26_23	0.544736842	26.36842105	3.315789474
26_30	0.840625	25.25	3
26_33	0.732941176	26.29411765	2.735294118
26_42	0.795555556	24.83333333	3.166666667
26_44	0.782777778	33.38888889	2.583333333
26_6	0.667058824	19.82352941	3.352941176
26_8	0.723684211	30.73684211	2.552631579
26_9	0.6605	22.3	3.425
27_29	0.593529412	26.52941176	3.058823529
27_32	0.6895	30.25	2.675
27_36	0.547647059	25.35294118	2.911764706
27_4	0.644285714	19.14285714	3.75
27_41	0.762777778	18.11111111	3.638888889
27_42	0.487272727	19.90909091	3.181818182
27_48	0.474444444	13.83333333	3.611111111
27_52	0.38	12.30769231	4.115384615
27_55	0.555	14.91666667	3.75
28_19	0.853125	26.0625	2.9375
28_21	1.014736842	32.73684211	2.578947368
28_22	0.666666667	22.88888889	2.944444444
28_23	0.897777778	28.94444444	2.944444444
28_30	0.752222222	27.5	3.027777778
28_31	0.526470588	16.76470588	3.794117647
28_33	0.834	26.75	2.95
28_40	0.658421053	22.31578947	3.157894737
28_41	0.850526316	35.36842105	2.421052632
28_42	0.721	25.65	3.2
28_43	0.722105263	29.42105263	2.684210526
28_44	0.6725	21.58333333	3.333333333
28_50	1.089230769	29.23076923	2.730769231
28_6	0.6745	28.6	3.325
29_12	0.947894737	31.73684211	2.684210526
29_17	0.841764706	26	3.058823529
29_29	0.746842105	23.84210526	3.394736842
29_30	0.4875	14.25	3.825
29_35	0.663	26.1	3.3
29_39	1.038947368	41.26315789	2.026315789
29_4	0.711875	23.1875	3.21875
29_49	0.932105263	31.15789474	2.973684211
29_9	1.0935	39.8	2.275
3_11	0.671052632	19.81578947	3.157894737
3_12	0.491333333	16.66666667	3.733333333
3_16	0.7965	34.15	2.475
3_30	0.983157895	35.73684211	1.947368421
3_36	0.61	12.95	3.725
3_40	0.604666667	13.06666667	3.766666667
3_43	1.133157895	35.78947368	2.684210526
3_44	0.762941176	24.47058824	2.676470588
3_46	0.81	24.54166667	2.708333333
3_53	0.948421053	36.10526316	2
3_55	0.874	27.46666667	2.433333333
3_56	0.781578947	23.47368421	2.236842105
3_71	0.865882353	31.35294118	2.705882353
3_82	0.914375	25.5625	2.0625
3_84	0.4675	11.75	4
30_11	0.875263158	37.15789474	2.526315789
30_13	0.826666667	24.55555556	3.027777778
30_16	0.6625	33.8125	2.59375
30_22	0.9	35.05555556	2.333333333
30_23	0.656153846	15.23076923	3.538461538
30_24	0.862	35.2	2.325
30_25	0.852352941	34.29411765	2.823529412
30_4	0.545714286	12.42857143	4.142857143
30_6	0.74	34.15789474	2.526315789
30_7	0.793333333	32.53333333	2.633333333
30_8	0.981333333	35.26666667	2.533333333
31_10	0.727777778	22.5	3.027777778
31_12	0.634	21.8	3.225
31_15	1.13	39.65	2.125
31_16	0.705625	23.125	3.1875
31_17	0.943	35.1	1.9
31_18	0.926	30.9	2.825
31_21	0.919	24.25	2.725
31_30	0.771	25.95	3.25
31_31	1.0265	36.65	2.5
31_4	0.861666667	35.08333333	2.708333333
31_5	0.656428571	17.57142857	3.892857143
31_6	1.0825	40.9	2.35
32_11	0.634	16.8	3.5
32_18	0.906666667	31.38888889	2.583333333
32_2	0.678888889	20.33333333	3.388888889
32_25	0.6675	25.5	3.3125
32_3	0.773333333	29.11111111	2.888888889
32_31	0.815	23.72222222	3.111111111
32_33	0.633846154	23.92307692	2.615384615
32_38	1.0115	36.85	2.125
32_39	0.57125	16.25	3.8125
32_40	0.838125	23.75	3.09375
32_41	0.6575	24.08333333	2.5
32_42	0.699090909	17	2.909090909
32_5	1.001578947	32.57894737	2.657894737
32_9	0.664705882	22.76470588	2.794117647
33_11	0.832857143	27.14285714	3.071428571
33_12	0.6875	27.45	2.975
33_19	0.836666667	29.11111111	2.75
33_20	0.805263158	38.78947368	2.263157895
33_23	0.8815	37.05	2.425
33_30	0.6935	28.85	3.05
33_33	0.545384615	11.46153846	4.230769231
33_34	0.812222222	27.66666667	2.694444444
33_43	0.759473684	30.15789474	2.605263158
33_44	1.093	41.25	1.8
33_5	0.605454545	17.81818182	3.727272727
34_10	0.8635	32.75	2.425
34_18	0.275	2.7	4.65
34_23	0.693	30.1	2.85
34_26	0.833846154	23.92307692	3.230769231
34_31	1.08	32	2.657894737
34_33	0.859444444	38.55555556	2.527777778
34_36	0.734	26.75	2.7
34_39	1.305	45.75	2.425
34_4	0.955	33.4	2.125
34_52	0.965294118	36.64705882	2.352941176
34_54	0.711333333	20.66666667	3.733333333
34_72	0.645555556	20.61111111	3.472222222
34_75	0.610555556	17.72222222	3.305555556
35_13	0.9065	37.05	2.675
35_15	0.928421053	33.21052632	2.394736842
35_33	0.625882353	30.23529412	3.147058824
35_43	0.648823529	28.76470588	2.970588235
35_5	0.85	29.85714286	2.75
35_7	0.565833333	20.16666667	3.375
35_8	0.8475	30.91666667	2.666666667
4_1	0.7645	25.45	2.15
4_11	0.683125	28.71875	2.21875
4_35	0.46	10	4.222222222
4_36	0.711666667	28.22222222	2.527777778
4_55	0.592307692	20.23076923	3.230769231
4_61	0.689375	26.1875	2.3125
4_67	0.653846154	28.07692308	3.115384615
4_68	0.706875	20.25	3.0625
5_12	0.795	29.3	2
5_14	0.634545455	23.45454545	3.181818182
5_18	0.624	23.33333333	2.9
5_25	0.786111111	28.44444444	2.666666667
5_26	0.80125	24.46875	2.40625
5_29	0.938888889	31.94444444	1.694444444
5_3	0.822631579	35.68421053	1.657894737
5_34	0.69625	24.40625	2.4375
5_41	0.745555556	26.77777778	2.611111111
5_42	0.534666667	20.86666667	3.433333333
5_47	0.906315789	29.84210526	1.973684211
5_66	0.628888889	26.33333333	3.388888889
6_19	0.651052632	37.73684211	2.263157895
6_22	0.455714286	13.28571429	2.392857143
6_33	0.85	27.375	2.75
6_35	0.597368421	23.05263158	2.368421053
6_36	0.577368421	28.63157895	2.947368421
6_4	0.8615	29.975	2.675
6_50	0.544117647	24.70588235	3.088235294
6_59	0.395	6.25	4.5625
6_66	0.49	9.461538462	4.076923077
6_7	0.674	17.4	3.2
6_70	0.580625	25.5	2.59375
6_9	0.624	18.75	2.9
7_17	0.871578947	24.47368421	2.289473684
7_20	0.859333333	29.8	2.866666667
7_33	0.877222222	21.22222222	2.75
7_47	0.597058824	20.23529412	2.852941176
7_50	0.755555556	24.83333333	2.472222222
7_53	0.714	21.4	2.166666667
7_54	0.794444444	26.61111111	2.25
7_55	0.853	30.1	2.025
7_6	0.982352941	28	2.088235294
7_65	0.684	24.73333333	2.766666667
7_69	0.569444444	11.38888889	4.083333333
7_70	0.578	17.9	3.55
8_2	0.599333333	15.4	3.633333333
8_38	1.093125	27.125	2.84375
8_52	0.638461538	13.46153846	3.884615385
8_55	0.73	21.45454545	2.863636364
8_58	0.474444444	17.27777778	2.194444444
8_69	0.7125	15.0625	3.3125
8_73	1.050526316	25.26315789	2.789473684
8_78	0.595	23.88888889	3
9_10	0.674117647	15.88235294	3.264705882
9_21	0.484	16.5	3.35
9_52	0.542727273	11	4.136363636
9_65	0.507647059	15.58823529	2.941176471
9_67	0.38	9.461538462	4.230769231
9_69	0.692	24.2	3
9_70	0.850714286	20	3
9_71	0.900666667	24.46666667	2.933333333
9_9	0.5445	20.4	3.025
