entry	PW_C	PW_T	PL_C	PL_T	SEV_C	SEV_T	PWm_C	PWm_T	PLm_C	PLm_T	SEVm_C	SEVm_T	PW_D	PL_D	SEV_D
1_1	1.055714286	0.924285714	17.15	18.91428571	1.214285714	3.857142857	1.04	1.01	18.5	25	1	3.5	-0.131428571	1.764285714	2.642857143
1_15	0.546	0.275	8.2	4.2	1	4.55	0.55	0.24	5.5	1	1	5	-0.271	-4	3.55
1_23	0.576923077	0.586153846	12.45	19.53846154	1.230769231	3.653846154	0.56	0.7	9	16	1	3	0.009230769	7.088461538	2.423076923
1_25	1.009444444	0.715	30.75	18.94444444	1.111111111	3.722222222	1.055	0.84	37	26	1	3	-0.294444444	-11.80555556	2.611111111
1_3	0.832	0.706666667	11.4	17.33333333	1	3.333333333	0.785	0.69	8	19.5	1	3	-0.125333333	5.933333333	2.333333333
1_30	0.626666667	0.453333333	9.15	14.11111111	1.222222222	4.277777778	0.69	0.37	0	13	1	4.5	-0.173333333	4.961111111	3.055555556
1_31	0.845	0.833	29.25	30.7	1	2.725	0.9	0.87	30.5	32	1	2.5	-0.012	1.45	1.725
1_32	0.689333333	0.610526316	21.65	30.68421053	1	2.578947368	0.72	0.6	31	32	1	2.5	-0.078807018	9.034210526	1.578947368
1_39	0.793571429	0.830714286	21.3	35.21428571	1.071428571	3.035714286	0.745	0.87	28	35.5	1	3	0.037142857	13.91428571	1.964285714
1_45	0.8845	0.8115	33.9	34.55	1.2	2.775	0.945	0.855	38	37.5	1	2.75	-0.073	0.65	1.575
1_47	0.857	0.819473684	28.6	32.52631579	1.1	3.078947368	0.865	0.8	29	32	1	3	-0.037526316	3.926315789	1.978947368
1_66	1.072222222	0.637222222	25.55	11.05555556	1.388888889	4.333333333	1.09	0.535	28	4.5	1.5	4.5	-0.435	-14.49444444	2.944444444
1_80	0.642	0.5665	23.2	20.25	1.15	3.95	0.68	0.64	27	25	1	3.75	-0.0755	-2.95	2.8
1_89	0.881	0.901	31.2	32.55	1.475	2.625	0.875	0.895	32	33.5	1.25	2.5	0.02	1.35	1.15
10_15	0.69625	0.652857143	7.55	17.14285714	1	3.035714286	0.705	0.655	0	17	1	3	-0.043392857	9.592857143	2.035714286
10_18	0.8145	0.7215	24.25	19.55	1	2.95	0.845	0.74	26	21.5	1	2.75	-0.093	-4.7	1.95
10_29	0.914705882	0.912941176	25.85	30.88235294	1	2	0.94	0.9	29	33	1	2	-0.001764706	5.032352941	1
10_36	0.631818182	0.459090909	12.85	14.36363636	1	3.772727273	0.69	0.45	12	14	1	4	-0.172727273	1.513636364	2.772727273
10_37	0.733076923	0.79	16.1	26.76470588	1	2.294117647	0.73	0.84	19	28	1	2	0.056923077	10.66470588	1.294117647
10_38	0.7835	0.919	21.6	28.25	1.025	2.55	0.81	0.995	22	34.5	1	2	0.1355	6.65	1.525
10_41	0.540666667	0.524117647	22.2	28.94117647	1	2.647058824	0.53	0.51	28	32	1	2.5	-0.01654902	6.741176471	1.647058824
10_43	0.858888889	0.735555556	25.55	23.44444444	1	3.444444444	0.84	0.725	27	23.5	1	3	-0.123333333	-2.105555556	2.444444444
10_47	0.933571429	0.892142857	22.2	28.14285714	1	2.785714286	0.885	0.98	27	30	1	2.5	-0.041428571	5.942857143	1.785714286
10_5	0.802142857	0.8525	17.95	28.9375	1	2.40625	0.785	0.88	24	30.5	1	2.25	0.050357143	10.9875	1.40625
10_8	0.682307692	0.616153846	14.45	17.68461538	1	3.269230769	0.7	0.67	16	25	1	3	-0.066153846	3.234615385	2.269230769
10_9	0.704117647	0.579411765	25.15	21.08823529	1	3.470588235	0.75	0.7	31.5	24	1	3	-0.124705882	-4.061764706	2.470588235
11_3	0.614	0.78	6.45	17.23529412	1.1	2.823529412	0.595	0.75	2	16	1	3	0.166	10.78529412	1.723529412
11_30	0.446666667	0.355555556	4.7	7	1	4.444444444	0.47	0.37	0	5	1	4.5	-0.091111111	2.3	3.444444444
11_32	0.821578947	0.827894737	20.7	27	1	2.394736842	0.77	0.89	21	31	1	2	0.006315789	6.3	1.394736842
11_4	0.67	0.515714286	18.85	18.71428571	1	3.142857143	0.655	0.49	23	19	1	2.75	-0.154285714	-0.135714286	2.142857143
11_49	0.815454545	0.529090909	13.65	10.63636364	1	4.454545455	0.84	0.37	18	1	1	5	-0.286363636	-3.013636364	3.454545455
11_52	0.704166667	0.665	15.75	24.25	1.041666667	2.875	0.71	0.72	18.5	29	1	2	-0.039166667	8.5	1.833333333
11_55	0.6495	0.8495	19.05	30.25	1	2	0.645	0.87	20	30	1	2	0.2	11.2	1
11_61	0.852777778	0.793684211	27.55	29.73684211	1	2	0.9	0.82	33.5	32	1	2	-0.059093567	2.186842105	1
11_63	0.531428571	0.554375	12.7	18.5	1	2.9375	0.55	0.545	11	18.5	1	3	0.022946429	5.8	1.9375
11_65	0.594	0.469333333	19.55	17.46666667	1	3.233333333	0.64	0.5	24	23	1	2.5	-0.124666667	-2.083333333	2.233333333
11_7	0.842	0.793333333	18.3	20.6	1	3.3	0.9	0.74	22.5	20	1	3.5	-0.048666667	2.3	2.3
11_71	0.755882353	0.721052632	25	30	1.205882353	2.210526316	0.79	0.75	31.5	31	1	2	-0.034829721	5	1.004643963
11_74	0.50375	0.607	5.5	18.6	1	3.55	0.435	0.605	0	19.5	1	3.5	0.10325	13.1	2.55
12_1	0.75	0.863888889	25.3	36.11111111	1	1.777777778	0.72	0.89	29	37.5	1	1.5	0.113888889	10.81111111	0.777777778
12_104	0.805	0.828235294	20.75	28.58823529	1	2.558823529	0.79	0.81	22.5	29	1	2.5	0.023235294	7.838235294	1.558823529
12_117	0.826	0.7315	34.3	28.15	1	2.725	0.825	0.8	36	31.5	1	2.25	-0.0945	-6.15	1.725
12_21	0.59125	0.3975	6.7	8.125	1	4.625	0.565	0.365	0	5	1	4.75	-0.19375	1.425	3.625
12_34	0.960526316	0.947368421	31.65	34.26315789	1	2.421052632	0.99	0.97	35	36	1	2	-0.013157895	2.613157895	1.421052632
12_37	1.003157895	1.016	27.95	28.25	1	2.4	0.91	1.01	29	29	1	2	0.012842105	0.3	1.4
12_39	0.703529412	0.77	22.05	28.75	1	2.40625	0.67	0.82	25.5	33	1	2	0.066470588	6.7	1.40625
12_40	0.595333333	0.666	16	21.26666667	1	2.9	0.56	0.71	18.5	24	1	3	0.070666667	5.266666667	1.9
12_41	0.987777778	0.836666667	27.6	22.27777778	1	2.972222222	0.975	0.855	29.5	24.5	1	2.25	-0.151111111	-5.322222222	1.972222222
12_48	0.646	0.6165	24.65	26.2	1	2.7	0.61	0.625	22.5	28	1	2.25	-0.0295	1.55	1.7
12_66	0.838947368	0.77	24.45	23.68421053	1	3.473684211	0.81	0.74	24.5	23	1	3.5	-0.068947368	-0.765789474	2.473684211
12_84	0.947368421	0.867894737	29.95	31.52631579	1	2.157894737	0.99	0.87	30.5	32	1	2	-0.079473684	1.576315789	1.157894737
12_86	0.8175	0.560625	16.9	9.4375	1	4.125	0.845	0.43	21.5	3	1	4.75	-0.256875	-7.4625	3.125
13_107	0.982	0.936842105	25.6	23.10526316	1.025	2.815789474	0.96	0.96	25	22	1	3	-0.045157895	-2.494736842	1.790789474
13_22	0.839105263	0.8805	34	38.05	1.052631579	2.8	0.86	0.87	35.5	37.5	1	3	0.041394737	4.05	1.747368421
13_23	0.945263158	0.838421053	33.25	31.05263158	1	1.894736842	0.95	0.84	35.5	34	1	1.5	-0.106842105	-2.197368421	0.894736842
13_25	0.967	0.951	30.25	33.6	1	1.85	1.005	0.995	31	34	1	1.5	-0.016	3.35	0.85
13_28	0.9145	0.829	39.4	29.5	1.025	2.5	0.92	0.88	41.5	34	1	2	-0.0855	-9.9	1.475
13_3	0.774117647	0.74	16.8	17.82352941	1	3.294117647	0.76	0.81	18	22	1	3	-0.034117647	1.023529412	2.294117647
13_30	0.804	0.9415	26.5	34.15	1	1.625	0.86	0.975	30	35.5	1	1.5	0.1375	7.65	0.625
13_31	0.924444444	0.832105263	27.15	25.21052632	1	2.342105263	0.975	0.88	30.5	29	1	2	-0.092339181	-1.939473684	1.342105263
13_33	0.934117647	0.736842105	19.45	18.94736842	1	2.578947368	0.96	0.74	23.5	21	1	2	-0.197275542	-0.502631579	1.578947368
13_36	0.8725	0.627	27.2	17.5	1	3.675	0.83	0.66	27	23	1	3.75	-0.2455	-9.7	2.675
13_4	0.6005	0.6165	22.4	21	1	2.9	0.615	0.675	26.5	24.5	1	2	0.016	-1.4	1.9
13_41	0.887	0.7825	38.9	34	1	2.475	0.87	0.825	37.5	36.5	1	2	-0.1045	-4.9	1.475
13_5	0.646666667	0.670555556	20.3	27.5	1	2.666666667	0.65	0.72	21	34	1	2	0.023888889	7.2	1.666666667
13_60	0.896666667	1.008888889	26.4	33.61111111	1.027777778	2.5	0.91	1.085	30	39.5	1	2	0.112222222	7.211111111	1.472222222
14_11	0.71	0.64375	17.45	22.6875	1	3.5	0.69	0.645	22	26.5	1	3.5	-0.06625	5.2375	2.5
14_12	0.88	1.0095	32.5	39.15	1	2.125	0.94	1.065	35.5	41.5	1	2	0.1295	6.65	1.125
14_13	1.108888889	1.176666667	34.8	39.16666667	1.055555556	1.944444444	1.16	1.23	38	41.5	1	2	0.067777778	4.366666667	0.888888889
14_25	0.655625	0.5975	24.5	27.125	1	2.75	0.655	0.64	27.5	27.5	1	2.5	-0.058125	2.625	1.75
14_32	0.6885	0.6315	29.5	26.4	1	2.15	0.655	0.635	27.5	26.5	1	2	-0.057	-3.1	1.15
14_36	0.614705882	0.664705882	15.15	22.41176471	1	3.176470588	0.59	0.71	18	23	1	3	0.05	7.261764706	2.176470588
14_39	1.073157895	1.023157895	32.65	32.63157895	1.026315789	1.868421053	1.09	1.07	37	32	1	1.5	-0.05	-0.018421053	0.842105263
14_5	1.077368421	0.948	34.2	33.25	1.052631579	2.975	1.09	0.99	36	35	1	3	-0.129368421	-0.95	1.922368421
14_67	0.7825	0.806	29	32.15	1	2.025	0.825	0.81	32	32	1	2	0.0235	3.15	1.025
14_73	0.9235	0.842	26.3	24.05	1	2.775	0.955	0.86	27.5	27	1	2.5	-0.0815	-2.25	1.775
14_84	0.843333333	0.467777778	8.85	3.444444444	1	4.666666667	0.87	0.39	0	1	1	5	-0.375555556	-5.405555556	3.666666667
14_92	0.7	0.795	26.5	32.6	1	1.875	0.7	0.75	28.5	33.5	1	2	0.095	6.1	0.875
14_93	0.892631579	1.037368421	27.15	33.63157895	1.052631579	2.052631579	0.93	1.06	32.5	35	1	2	0.144736842	6.481578947	1
15_1	0.501666667	0.487222222	14.7	17.88888889	1	3.222222222	0.465	0.495	11	20.5	1	3	-0.014444444	3.188888889	2.222222222
15_103	0.7845	0.783	28.25	28.65	1	2.4	0.775	0.84	29.5	30.5	1	2.25	-0.0015	0.4	1.4
15_111	0.425	0.379285714	10.2	9.714285714	1	4.071428571	0.4	0.355	5	5.5	1	4.25	-0.045714286	-0.485714286	3.071428571
15_15	0.9265	0.9395	34.05	33.8	1	2.075	0.94	0.965	34.5	35.5	1	2	0.013	-0.25	1.075
15_22	0.702222222	0.626315789	26.15	28	1	2.184210526	0.68	0.6	28.5	28	1	2	-0.075906433	1.85	1.184210526
15_23	0.881052632	0.815	31.3	33.1	1	2.2	0.9	0.815	33.5	34	1	2	-0.066052632	1.8	1.2
15_24	0.502	0.592	11.25	28	1	3.2	0.495	0.62	2	30	1	3	0.09	16.75	2.2
15_6	0.763125	0.67125	23.05	21.8125	1.0625	3.375	0.78	0.755	29.5	26	1	3	-0.091875	-1.2375	2.3125
15_73	0.707368421	0.731	25.05	26.65	1	2.6	0.72	0.77	26.5	28	1	2.5	0.023631579	1.6	1.6
15_8	0.715384615	0.61125	15.6	16.3125	1.076923077	3.5625	0.68	0.555	12	13.5	1	4	-0.104134615	0.7125	2.485576923
15_84	0.655294118	0.518823529	25.35	21.41176471	1	3.294117647	0.66	0.6	31	30	1	3	-0.136470588	-3.938235294	2.294117647
15_93	0.573684211	0.586842105	23.75	27.15789474	1.026315789	2.578947368	0.57	0.57	25.5	28	1	2.5	0.013157895	3.407894737	1.552631579
16_10	0.8	0.877647059	21.95	27.41176471	1	2.647058824	0.75	0.97	26	32	1	2	0.077647059	5.461764706	1.647058824
16_104	0.917692308	0.800769231	22.55	32.92307692	1	2.115384615	0.89	0.78	28	35	1	2	-0.116923077	10.37307692	1.115384615
16_22	0.405833333	0.3825	4.35	5.25	1	4.583333333	0.405	0.355	2.5	1	1	5	-0.023333333	0.9	3.583333333
16_29	0.752105263	0.771052632	25.25	27.21052632	1	2.736842105	0.78	0.84	29.5	32	1	2.5	0.018947368	1.960526316	1.736842105
16_51	0.576666667	0.581538462	11.6	22.76923077	1	2.769230769	0.63	0.6	10	27	1	2.5	0.004871795	11.16923077	1.769230769
16_6	0.936875	0.845	21	25.75	1	2.65625	0.925	0.885	24	27	1	2.5	-0.091875	4.75	1.65625
16_75	0.9125	0.969411765	20.5	25.76470588	1	2.882352941	0.885	0.95	24	25	1	3	0.056911765	5.264705882	1.882352941
16_81	0.869411765	0.792666667	27.15	29.66666667	1	2.8	0.88	0.88	33	34	1	2.5	-0.076745098	2.516666667	1.8
16_83	0.592	0.585833333	7.75	13.16666667	1	3.791666667	0.61	0.535	1	11.5	1	4	-0.006166667	5.416666667	2.791666667
16_86	0.919	0.8375	37.75	34	1	2.325	0.955	0.885	40.5	36	1	2	-0.0815	-3.75	1.325
16_87	1.003	0.909	39.6	38.15	1	2.15	1.015	0.94	41	42	1	2	-0.094	-1.45	1.15
16_92	0.79	0.820625	20.95	24.5	1	2.71875	0.785	0.895	25.5	29	1	2.5	0.030625	3.55	1.71875
17_35	0.866	0.891875	15.85	23.4375	1	3.53125	0.87	0.905	19.5	23.5	1	3.5	0.025875	7.5875	2.53125
17_41	0.848421053	0.785789474	24.7	26.94736842	1	2.605263158	0.85	0.82	26	28	1	2.5	-0.062631579	2.247368421	1.605263158
17_43	0.721578947	0.681578947	21.5	18.73684211	1	4.052631579	0.74	0.73	24.5	19	1	4	-0.04	-2.763157895	3.052631579
17_51	0.953684211	0.85	33.15	31.57894737	1.157894737	2.789473684	1.06	0.88	36.5	36	1	2.5	-0.103684211	-1.571052632	1.631578947
17_54	0.671666667	0.78	9.75	23.91666667	1.083333333	3.166666667	0.645	0.835	3.5	25.5	1	3	0.108333333	14.16666667	2.083333333
17_56	0.9485	0.8185	36.85	34.7	1	2.65	0.975	0.8	38.5	37	1	2.5	-0.13	-2.15	1.65
17_59	0.760526316	0.715263158	22.55	23.94736842	1.026315789	2.973684211	0.72	0.7	22.5	26	1	3	-0.045263158	1.397368421	1.947368421
17_60	0.755	0.6725	10.2	16.75	1	3.8125	0.77	0.71	0	19	1	3.25	-0.0825	6.55	2.8125
17_62	0.7445	0.785	25.3	29.35	1	2.975	0.725	0.8	25	29	1	3	0.0405	4.05	1.975
17_7	0.790526316	0.816	29.85	33	1	2.125	0.79	0.83	31.5	34	1	2	0.025473684	3.15	1.125
18_2	0.801111111	0.788888889	26.55	28.83333333	1	2.944444444	0.84	0.76	31	29.5	1	2.75	-0.012222222	2.283333333	1.944444444
18_22	0.9235	0.875	34.4	30.2	1	2.975	0.96	0.995	34	36.5	1	2.5	-0.0485	-4.2	1.975
18_24	0.7145	0.6995	24.2	26.85	1	3.075	0.705	0.685	25	26.5	1	3	-0.015	2.65	2.075
18_27	0.7275	0.719473684	32.2	31.42105263	1	2.342105263	0.79	0.76	35	35	1	2	-0.008026316	-0.778947368	1.342105263
18_3	1.004864865	0.9995	31.5	35.625	1	2.3375	1.04	1.035	34	37	1	2	-0.005364865	4.125	1.3375
18_66	0.803157895	0.848	21.9	26	1	2.4	0.84	0.845	25.5	26	1	2.5	0.044842105	4.1	1.4
19_1	0.687142857	0.708	22.15	31.53333333	1	2.966666667	0.625	0.69	27	33	1	3	0.020857143	9.383333333	1.966666667
19_14	0.842105263	0.767368421	25.45	26.05263158	1.052631579	2.815789474	0.9	0.87	28.5	30	1	2.5	-0.074736842	0.602631579	1.763157895
19_18	0.7285	0.771	29.195	31.55	1.075	2.675	0.725	0.81	28.5	34	1	2.5	0.0425	2.355	1.6
19_2	1.042777778	0.875	35.3	34.55555556	1	2.166666667	1.05	0.905	39	36	1	2	-0.167777778	-0.744444444	1.166666667
19_23	0.786470588	0.595882353	21.55	16.76470588	1.352941176	3.911764706	0.79	0.61	26.5	21	1	4	-0.190588235	-4.785294118	2.558823529
19_30	0.775263158	0.633684211	31.7	28.05263158	1	3.447368421	0.71	0.62	32	29	1	3.5	-0.141578947	-3.647368421	2.447368421
19_33	1.2615	1.174	28.75	26.45	1	2.925	1.255	1.17	29.5	27	1	3	-0.0875	-2.3	1.925
19_36	0.971176471	0.91	26.75	29.82352941	1	3.117647059	0.96	0.87	29.5	33	1	3	-0.061176471	3.073529412	2.117647059
19_38	0.794444444	0.773	31.55	35	1	2.375	0.805	0.77	36.5	36	1	2.5	-0.021444444	3.45	1.375
19_40	1.077368421	1.0075	35.15	35.3	1	2.2	1.13	1.015	37	34.5	1	2	-0.069868421	0.15	1.2
2_11	0.8075	0.666	16.45	18.06666667	1.333333333	3.766666667	0.85	0.7	14.5	16	1	4	-0.1415	1.616666667	2.433333333
2_15	1.0215	0.909	34.75	29.9	1.025	2.75	1.065	0.96	37	36	1	2.5	-0.1125	-4.85	1.725
2_28	1.156	0.942	35.25	27.65	1.425	3.075	1.165	1.09	35.5	35	1.5	2.5	-0.214	-7.6	1.65
2_46	0.828823529	0.753529412	26.1	24.23529412	1.764705882	3.676470588	0.83	0.85	30	32	1.5	3.5	-0.075294118	-1.864705882	1.911764706
2_54	1.05	0.978	38.3	34.2	1.15	2.225	0.985	1.005	39.5	36	1	2	-0.072	-4.1	1.075
2_59	1.017368421	0.963157895	34.9	34.42105263	1.105263158	2.421052632	1.04	0.98	37	38	1	2	-0.054210526	-0.478947368	1.315789474
2_61	0.577272727	0.542727273	10.15	19.36363636	1	3.090909091	0.62	0.6	3.5	24	1	2.5	-0.034545455	9.213636364	2.090909091
2_62	0.496666667	0.4925	9.05	19.75	1.444444444	3.375	0.53	0.47	0	17.5	1	3.5	-0.004166667	10.7	1.930555556
2_67	1.114117647	0.943333333	28.85	29.05555556	1.529411765	2.944444444	1.09	0.965	31.5	31	1	2.75	-0.170784314	0.205555556	1.41503268
2_71	0.8015	0.7955	26.35	25	1.15	3.2	0.84	0.815	26	26.5	1	3	-0.006	-1.35	2.05
2_73	0.823529412	0.884117647	22.75	30.05882353	1.058823529	2.911764706	0.83	0.83	25	31	1	2.5	0.060588235	7.308823529	1.852941176
2_76	0.791052632	0.86	28.7	31.05263158	1.763157895	2.289473684	0.71	0.86	31	33	1.5	2	0.068947368	2.352631579	0.526315789
20_12	0.93	0.907	31.75	36.25	1.026315789	2.375	0.97	0.895	35.5	36	1	2.5	-0.023	4.5	1.348684211
20_13	0.951875	1.057647059	19.75	29.05882353	1	3.058823529	0.965	1	25	27	1	3	0.105772059	9.308823529	2.058823529
20_15	0.988333333	0.8855	25.15	25.95	1	3.425	0.985	0.885	28	27.5	1	3.5	-0.102833333	0.8	2.425
20_17	0.920555556	0.754444444	27.05	22.5	1	3.527777778	0.875	0.71	31	24	1	3.5	-0.166111111	-4.55	2.527777778
20_24	0.756666667	0.736666667	12.9	30.11111111	1.333333333	3.444444444	0.78	0.75	0	31	1	3.5	-0.02	17.21111111	2.111111111
20_26	1.138235294	1.176842105	24.95	33.42105263	1	2.447368421	1.18	1.18	29.5	35	1	2.5	0.038606811	8.471052632	1.447368421
20_28	0.69	0.514117647	22.3	13.05882353	1	4.088235294	0.69	0.48	24.5	17	1	4	-0.175882353	-9.241176471	3.088235294
20_30	0.722	0.6675	12.65	24.25	1	3.34375	0.75	0.67	1.5	26	1	3	-0.0545	11.6	2.34375
20_31	0.795384615	0.704615385	18.6	24.15384615	1	3.692307692	0.82	0.72	15	26	1	3.5	-0.090769231	5.553846154	2.692307692
20_44	1.0885	0.967	36.55	35.55	1	2.425	1.12	0.995	37.5	36	1	2.5	-0.1215	-1	1.425
20_45	0.964736842	0.784210526	27.8	23.10526316	1	3.447368421	0.93	0.86	30	25	1	3.5	-0.180526316	-4.694736842	2.447368421
20_54	0.785333333	0.598666667	19.4	19.4	1	3.4	0.79	0.58	20.5	20	1	3.5	-0.186666667	0	2.4
20_8	0.943333333	0.896666667	21.4	30.83333333	1	2.666666667	1	0.93	27.5	34.5	1	2.5	-0.046666667	9.433333333	1.666666667
21_11	0.770769231	0.716923077	13.25	20.15384615	1	3.115384615	0.83	0.7	8.5	23	1	2.5	-0.053846154	6.903846154	2.115384615
21_12	0.767	0.6885	33.8	30.55	1	2.7	0.73	0.76	36.5	37	1	2	-0.0785	-3.25	1.7
21_16	0.8575	0.841	29.35	27.75	1	2.675	0.885	0.895	29.5	32	1	2.5	-0.0165	-1.6	1.675
21_19	0.932631579	0.86	29.95	28.44736842	1.131578947	3	0.95	0.88	32.5	33	1	3	-0.072631579	-1.502631579	1.868421053
21_24	0.6205	0.65	27.95	32.25	1	2.55	0.7	0.665	32	34	1	2.5	0.0295	4.3	1.55
21_34	0.824375	0.753529412	23.75	29.17647059	1.0625	2.558823529	0.845	0.76	28.5	30	1	2.5	-0.070845588	5.426470588	1.496323529
21_38	0.900526316	0.909375	27.65	29.9375	1	3.21875	0.86	0.945	28	30	1	3.25	0.008848684	2.2875	2.21875
21_47	0.8465	0.8495	33.85	35.25	1	2.3	0.84	0.835	35	36	1	2.5	0.003	1.4	1.3
21_49	0.8045	0.7805	26.4	26.3	1	3.275	0.8	0.765	26	25	1	3.5	-0.024	-0.1	2.275
21_6	0.77	0.7705	30.9	33.55	1	2.825	0.75	0.755	29.5	33.5	1	2.75	0.0005	2.65	1.825
22_10	0.816	0.7285	30.3	26.4	1	3.1	0.86	0.765	30.5	29	1	3	-0.0875	-3.9	2.1
22_11	0.761052632	0.683888889	21.05	18.88888889	1	3.444444444	0.8	0.655	22.5	19.5	1	3.5	-0.077163743	-2.161111111	2.444444444
22_15	1.048461538	0.829230769	22.4	25.92307692	1	3.192307692	0.97	0.82	27.5	30	1	3	-0.219230769	3.523076923	2.192307692
22_22	1.130555556	1.177222222	33.55	40.27777778	1	2.194444444	1.17	1.2	36.5	43	1	2	0.046666667	6.727777778	1.194444444
22_3	1.12	0.92	29.9	31.41176471	1	2.852941176	1.13	0.96	34.5	33	1	3	-0.2	1.511764706	1.852941176
22_34	0.9965	0.79	39.9	32.85	1	2.85	0.99	0.875	41	37	1	2.5	-0.2065	-7.05	1.85
22_35	0.916111111	0.769411765	26.15	27.64705882	1	2.882352941	0.985	0.77	30	30	1	2.5	-0.146699346	1.497058824	1.882352941
22_36	0.798333333	0.788235294	23.5	29.05882353	1	2.764705882	0.785	0.82	22.5	35	1	2	-0.010098039	5.558823529	1.764705882
22_38	1.005882353	0.914117647	26.45	27.35294118	1	3.058823529	0.98	0.94	32	33	1	2.5	-0.091764706	0.902941176	2.058823529
22_42	0.764	0.825	29.45	28.8	1	2.775	0.77	0.89	32.5	31.5	1	2.5	0.061	-0.65	1.775
22_45	0.671764706	0.783529412	18.95	27.88235294	1	2.852941176	0.69	0.86	21	32	1	2.5	0.111764706	8.932352941	1.852941176
22_5	0.921	0.8055	40.5	39	1	2.225	0.915	0.81	42.5	42	1	2	-0.1155	-1.5	1.225
22_6	1.1285	1.1665	40.5	41.45	1	1.925	1.15	1.06	42	42.5	1	2	0.038	0.95	0.925
23_11	0.542941176	0.480526316	15.35	15.21052632	1	3.447368421	0.51	0.5	17.5	15	1	3	-0.062414861	-0.139473684	2.447368421
23_24	0.814736842	0.405789474	28.5	5.105263158	1.368421053	4.763157895	0.78	0.36	30	1	1	5	-0.408947368	-23.39473684	3.394736842
23_25	1.025263158	1.039473684	29.1	35.21052632	1.052631579	2.5	1.04	1.06	34	39	1	2.5	0.014210526	6.110526316	1.447368421
23_26	0.733333333	0.69	20.9	26.29411765	1	3.176470588	0.72	0.71	23.5	28	1	3	-0.043333333	5.394117647	2.176470588
23_28	0.756470588	0.721176471	24.7	28.70588235	1.029411765	3.205882353	0.71	0.72	25	29	1	3	-0.035294118	4.005882353	2.176470588
23_29	1.148	1.144	33.35	30.35	1	3.05	1.195	1.1	33.5	31	1	3	-0.004	-3	2.05
23_3	0.606	0.566	7.75	13.2	1.1	3.85	0.6	0.595	3	11	1	4	-0.04	5.45	2.75
23_37	0.691176471	0.672352941	20.65	25.94117647	1	2.911764706	0.66	0.65	25	29	1	3	-0.018823529	5.291176471	1.911764706
23_43	1.2865	1.155	40.1	34.35	1	2.85	1.295	1.22	42	40	1	2.5	-0.1315	-5.75	1.85
23_44	0.98	0.985	16.2	28.92857143	1	2.857142857	1.02	0.945	10.5	31	1	3	0.005	12.72857143	1.857142857
23_6	0.716666667	0.724666667	15.3	23.06666667	1	3.2	0.73	0.73	14	27	1	3	0.008	7.766666667	2.2
23_7	0.778823529	0.821111111	28.6	37.94444444	1	2.5	0.81	0.85	35	38.5	1	2.5	0.042287582	9.344444444	1.5
23_8	0.575	0.546666667	20.2	21.27777778	1	3.194444444	0.61	0.57	21.5	23	1	3	-0.028333333	1.077777778	2.194444444
23_9	1.1985	1.152	35.85	34.8	1	2.25	1.22	1.145	36	37	1	2	-0.0465	-1.05	1.25
24_1	0.845789474	0.792105263	30.15	32	1	2.736842105	0.96	0.79	34	36	1	2.5	-0.053684211	1.85	1.736842105
24_10	0.697857143	0.91875	18.25	39.6875	1.107142857	2.4375	0.645	0.945	20.5	42	1	2.5	0.220892857	21.4375	1.330357143
24_12	0.776	0.556	23.1	18.26666667	1	3.6	0.72	0.55	31.5	18	1	3.5	-0.22	-4.833333333	2.6
24_13	0.965789474	0.459473684	37	7.631578947	1	4.5	1.02	0.4	40	1	1	5	-0.506315789	-29.36842105	3.5
24_14	0.635	0.768461538	9	21.92307692	1.25	3.653846154	0.63	0.77	8.5	22	1	3.5	0.133461538	12.92307692	2.403846154
24_15	0.788421053	0.776315789	25.75	29.89473684	1	2.5	0.78	0.78	28	32	1	2.5	-0.012105263	4.144736842	1.5
24_21	0.957894737	0.802631579	33.05	30	1	3	1.01	0.9	35	34	1	2.5	-0.155263158	-3.05	2
24_23	0.625833333	0.633846154	9.2	17.69230769	1.041666667	3.461538462	0.58	0.58	7	16	1	4	0.008012821	8.492307692	2.419871795
24_26	0.885625	0.829411765	20.7	23	1	2.882352941	0.905	0.83	26	26	1	3	-0.056213235	2.3	1.882352941
24_6	0.977777778	0.8775	28.7	32.75	1	2.625	0.96	0.945	30	33	1	2.5	-0.100277778	4.05	1.625
24_7	0.844444444	0.836	29.05	32.7	1.083333333	2.975	0.875	0.875	33	32.5	1	3	-0.008444444	3.65	1.891666667
24_9	0.888421053	0.833157895	18.1	22.10526316	1	3.078947368	0.88	0.79	19	22	1	3	-0.055263158	4.005263158	2.078947368
25_1	1.013571429	0.792666667	20.45	23.06666667	1	3.333333333	0.99	0.78	25	23	1	3.5	-0.220904762	2.616666667	2.333333333
25_15	0.981578947	0.931052632	37.3	39.57894737	1	2.052631579	0.99	0.92	39	39	1	2	-0.050526316	2.278947368	1.052631579
25_16	0.9205	0.805	38	37.45	1	2.475	0.98	0.83	41.5	41	1	2.5	-0.1155	-0.55	1.475
25_17	1.242222222	1.064444444	29.4	27.33333333	1	3.222222222	1.415	0.995	34	27	1	3	-0.177777778	-2.066666667	2.222222222
25_19	0.603846154	0.602666667	14.4	21.33333333	1	3.066666667	0.67	0.57	13.5	21	1	3	-0.001179487	6.933333333	2.066666667
25_2	0.624736842	0.671578947	24.4	30.73684211	1	2.947368421	0.63	0.66	24.5	30	1	3	0.046842105	6.336842105	1.947368421
25_20	0.7425	0.842	32.4	36.65	1	2.675	0.75	0.83	33	37.5	1	2.5	0.0995	4.25	1.675
25_25	0.841	0.702	28.1	24.4	1	3.25	0.845	0.725	29.5	26.5	1	3.25	-0.139	-3.7	2.25
25_3	0.712	0.617	14.6	21.1	1	3.5	0.73	0.705	6	27	1	3	-0.095	6.5	2.5
25_37	0.72875	0.521875	19.9	18.1875	1	3.71875	0.76	0.53	23	23	1	3.5	-0.206875	-1.7125	2.71875
25_5	0.848333333	1.003333333	26.5	38.61111111	1	2	0.875	0.97	29	39.5	1	2	0.155	12.11111111	1
26_12	0.80125	0.645	22.8	22.22222222	1	3.416666667	0.75	0.65	26	21.5	1	3.25	-0.15625	-0.577777778	2.416666667
26_19	0.936666667	0.913333333	18.55	24.86666667	1	3.366666667	0.9	0.87	22.5	26	1	3	-0.023333333	6.316666667	2.366666667
26_2	0.515454545	0.441818182	10.6	12.72727273	1	4.090909091	0.45	0.32	5	4	1	4.5	-0.073636364	2.127272727	3.090909091
26_23	0.512	0.544736842	16.2	26.36842105	1	3.315789474	0.5	0.58	22	27	1	3.5	0.032736842	10.16842105	2.315789474
26_30	0.756875	0.840625	17.25	25.25	1	3	0.73	0.94	18	28	1	3	0.08375	8	2
26_33	0.69125	0.732941176	19.75	26.29411765	1.03125	2.735294118	0.7	0.74	23	27	1	2.5	0.041691176	6.544117647	1.704044118
26_42	0.643888889	0.795555556	18.05	24.83333333	1	3.166666667	0.655	0.77	22	25	1	3	0.151666667	6.783333333	2.166666667
26_44	0.75	0.782777778	18.4	33.38888889	1.035714286	2.583333333	0.805	0.8	24	36	1	2.5	0.032777778	14.98888889	1.547619048
26_6	0.847647059	0.667058824	22.2	19.82352941	1	3.352941176	0.84	0.74	26	22	1	3	-0.180588235	-2.376470588	2.352941176
26_8	0.782105263	0.723684211	28.9	30.73684211	1	2.552631579	0.83	0.75	32	32	1	2.5	-0.058421053	1.836842105	1.552631579
26_9	0.7035	0.6605	24.35	22.3	1	3.425	0.675	0.67	26	29	1	3	-0.043	-2.05	2.425
27_29	0.562941176	0.593529412	19.55	26.52941176	1	3.058823529	0.55	0.64	23	32	1	2.5	0.030588235	6.979411765	2.058823529
27_32	0.7915	0.6895	36.05	30.25	1.05	2.675	0.825	0.705	39	32	1	2.5	-0.102	-5.8	1.625
27_36	0.652352941	0.547647059	26.45	25.35294118	1.117647059	2.911764706	0.68	0.54	33	26	1	2.5	-0.104705882	-1.097058824	1.794117647
27_4	0.710714286	0.644285714	14.2	19.14285714	1	3.75	0.715	0.595	14.5	24.5	1	4	-0.066428571	4.942857143	2.75
27_41	1.153888889	0.762777778	32.45	18.11111111	1.055555556	3.638888889	1.19	0.755	38.5	22.5	1	3.5	-0.391111111	-14.33888889	2.583333333
27_42	0.734545455	0.487272727	16.3	19.90909091	1	3.181818182	0.71	0.47	13.5	23	1	2.5	-0.247272727	3.609090909	2.181818182
27_48	0.692777778	0.474444444	22.7	13.83333333	1	3.611111111	0.675	0.48	26	15.5	1	3	-0.218333333	-8.866666667	2.611111111
27_52	0.764615385	0.38	20.8	12.30769231	1	4.115384615	0.75	0.41	28	8	1	4	-0.384615385	-8.492307692	3.115384615
27_55	0.796153846	0.555	16.25	14.91666667	1	3.75	0.79	0.58	19.5	17	1	4	-0.241153846	-1.333333333	2.75
28_19	0.88625	0.853125	22.4	26.0625	1	2.9375	0.9	0.885	24.5	28	1	3	-0.033125	3.6625	1.9375
28_21	1.264736842	1.014736842	37.75	32.73684211	1.078947368	2.578947368	1.24	1.01	39.5	34	1	2.5	-0.25	-5.013157895	1.5
28_22	0.865555556	0.666666667	14.8	22.88888889	1	2.944444444	0.9	0.72	0	27	1	2.5	-0.198888889	8.088888889	1.944444444
28_23	1.074444444	0.897777778	33.8	28.94444444	1	2.944444444	1.11	0.97	38.5	33.5	1	2.5	-0.176666667	-4.855555556	1.944444444
28_30	1.100555556	0.752222222	34.15	27.5	1	3.027777778	1.11	0.79	38.5	31.5	1	2.5	-0.348333333	-6.65	2.027777778
28_31	0.822352941	0.526470588	26.8	16.76470588	1	3.794117647	0.85	0.43	29	8	1	4	-0.295882353	-10.03529412	2.794117647
28_33	1.079	0.834	36.4	26.75	1	2.95	1.085	0.89	36	30.5	1	2.5	-0.245	-9.65	1.95
28_40	0.834210526	0.658421053	29.15	22.31578947	1	3.157894737	0.85	0.63	32	23	1	3	-0.175789474	-6.834210526	2.157894737
28_41	0.885263158	0.850526316	33.35	35.36842105	1	2.421052632	0.9	0.86	37.5	39	1	2.5	-0.034736842	2.018421053	1.421052632
28_42	0.8855	0.721	32.5	25.65	1	3.2	0.93	0.74	36.5	32.5	1	2.5	-0.1645	-6.85	2.2
28_43	0.800555556	0.722105263	29.35	29.42105263	1	2.684210526	0.83	0.73	33	30	1	2.5	-0.078450292	0.071052632	1.684210526
28_44	0.625454545	0.6725	11.6	21.58333333	1	3.333333333	0.61	0.665	12.5	23.5	1	3.5	0.047045455	9.983333333	2.333333333
28_50	1.099090909	1.089230769	16.25	29.23076923	1.045454545	2.730769231	1.1	1.1	18.5	30	1	2.5	-0.00986014	12.98076923	1.685314685
28_6	0.673	0.6745	27.85	28.6	1	3.325	0.68	0.615	27	28	1	3.5	0.0015	0.75	2.325
29_12	1.215789474	0.947894737	35.25	31.73684211	1	2.684210526	1.24	1.07	38	38	1	2.5	-0.267894737	-3.513157895	1.684210526
29_17	1.023684211	0.841764706	33.9	26	1	3.058823529	1.02	0.88	36	32	1	2.5	-0.181919505	-7.9	2.058823529
29_29	0.969473684	0.746842105	30.25	23.84210526	1	3.394736842	0.96	0.76	31.5	29	1	3	-0.222631579	-6.407894737	2.394736842
29_30	0.693	0.4875	25.2	14.25	1	3.825	0.69	0.495	24	16.5	1	3.75	-0.2055	-10.95	2.825
29_35	0.86	0.663	32.2	26.1	1.025	3.3	0.88	0.715	33	25.5	1	3.25	-0.197	-6.1	2.275
29_39	1.162105263	1.038947368	36.5	41.26315789	1	2.026315789	1.18	1.05	44	42	1	2	-0.123157895	4.763157895	1.026315789
29_4	0.876875	0.711875	26.85	23.1875	1	3.21875	0.93	0.81	33.5	29.5	1	2.5	-0.165	-3.6625	2.21875
29_49	1.046315789	0.932105263	33.8	31.15789474	1.078947368	2.973684211	1.1	0.91	38.5	30	1	3	-0.114210526	-2.642105263	1.894736842
29_9	1.232	1.0935	47.25	39.8	1	2.275	1.25	1.11	47.5	41	1	2	-0.1385	-7.45	1.275
3_11	0.795789474	0.671052632	29	19.81578947	1.210526316	3.157894737	0.78	0.66	32.5	22	1	3	-0.124736842	-9.184210526	1.947368421
3_12	0.645333333	0.491333333	20.2	16.66666667	1.4	3.733333333	0.68	0.3	17.5	9	1	4	-0.154	-3.533333333	2.333333333
3_16	0.842	0.7965	34.05	34.15	1.45	2.475	0.82	0.815	37	38	1.5	2.5	-0.0455	0.1	1.025
3_30	0.937777778	0.983157895	30.75	35.73684211	1.138888889	1.947368421	0.935	1.02	35	38	1	2	0.045380117	4.986842105	0.808479532
3_36	0.6075	0.61	18.75	12.95	1	3.725	0.645	0.52	18	1	1	4	0.0025	-5.8	2.725
3_40	0.710666667	0.604666667	14.6	13.06666667	1.2	3.766666667	0.69	0.56	13	13	1	4	-0.106	-1.533333333	2.566666667
3_43	1.204736842	1.133157895	34.3	35.78947368	1.342105263	2.684210526	1.15	1.13	38.5	38	1.5	2.5	-0.071578947	1.489473684	1.342105263
3_44	0.939411765	0.762941176	26.8	24.47058824	1.588235294	2.676470588	0.97	0.79	32.5	27	1.5	2.5	-0.176470588	-2.329411765	1.088235294
3_46	0.848	0.81	14.05	24.54166667	1.2	2.708333333	0.92	0.88	8	29	1	2	-0.038	10.49166667	1.508333333
3_53	0.774736842	0.948421053	28.95	36.10526316	1.789473684	2	0.84	1.01	34.5	40	1	2	0.173684211	7.155263158	0.210526316
3_55	0.735384615	0.874	11.9	27.46666667	1.230769231	2.433333333	0.75	0.84	12	28	1	2.5	0.138615385	15.56666667	1.202564103
3_56	0.831578947	0.781578947	26.65	23.47368421	1.421052632	2.236842105	0.89	0.82	31.5	28	1	1.5	-0.05	-3.176315789	0.815789474
3_71	0.796923077	0.865882353	18.1	31.35294118	1.269230769	2.705882353	0.81	0.89	19	37	1	2.5	0.068959276	13.25294118	1.436651584
3_82	0.895882353	0.914375	21	25.5625	1.117647059	2.0625	0.9	0.92	23.5	27	1	2	0.018492647	4.5625	0.944852941
3_84	0.67625	0.4675	10.15	11.75	1	4	0.655	0.44	0	9	1	4.25	-0.20875	1.6	3
30_11	0.86	0.875263158	28.15	37.15789474	1	2.526315789	0.87	0.87	27.5	39	1	2.5	0.015263158	9.007894737	1.526315789
30_13	0.906111111	0.826666667	25.3	24.55555556	1	3.027777778	0.97	0.935	31	32.5	1	2.5	-0.079444444	-0.744444444	2.027777778
30_16	0.628125	0.6625	24.35	33.8125	1	2.59375	0.6	0.69	27	38	1	2.5	0.034375	9.4625	1.59375
30_22	0.913888889	0.9	30.25	35.05555556	1	2.333333333	0.865	0.945	32.5	38	1	2	-0.013888889	4.805555556	1.333333333
30_23	0.856923077	0.656153846	15.95	15.23076923	1	3.538461538	0.89	0.68	16.5	19	1	3	-0.200769231	-0.719230769	2.538461538
30_24	0.932	0.862	35.8	35.2	1	2.325	0.915	0.89	38	37.5	1	2	-0.07	-0.6	1.325
30_25	0.938125	0.852352941	27.5	34.29411765	1	2.823529412	0.995	0.87	30	36	1	2.5	-0.085772059	6.794117647	1.823529412
30_4	0.548571429	0.545714286	5.2	12.42857143	1	4.142857143	0.45	0.46	0	1	1	5	-0.002857143	7.228571429	3.142857143
30_6	0.688947368	0.74	30	34.15789474	1	2.526315789	0.7	0.75	31	35	1	2.5	0.051052632	4.157894737	1.526315789
30_7	0.867857143	0.793333333	24.6	32.53333333	1	2.633333333	0.905	0.83	32.5	29	1	3	-0.07452381	7.933333333	1.633333333
30_8	0.895333333	0.981333333	23.45	35.26666667	1	2.533333333	0.97	1.07	31	40	1	2.5	0.086	11.81666667	1.533333333
31_10	0.635333333	0.727777778	11.75	22.5	1	3.027777778	0.62	0.705	13	23	1	3	0.092444444	10.75	2.027777778
31_12	0.85	0.634	34.2	21.8	1	3.225	0.875	0.59	35.5	23.5	1	3	-0.216	-12.4	2.225
31_15	1.177368421	1.13	35.1	39.65	1	2.125	1.24	1.135	39.5	41.5	1	2	-0.047368421	4.55	1.125
31_16	0.82375	0.705625	17.25	23.125	1	3.1875	0.855	0.71	22.5	23	1	3	-0.118125	5.875	2.1875
31_17	1.004	0.943	36.6	35.1	1	1.9	0.995	0.95	38.5	37	1	1.5	-0.061	-1.5	0.9
31_18	0.9955	0.926	32	30.9	1	2.825	0.985	1.035	31	34	1	2.5	-0.0695	-1.1	1.825
31_21	0.9195	0.919	29.05	24.25	1	2.725	0.91	0.93	31.5	28.5	1	2.5	-0.0005	-4.8	1.725
31_30	0.953	0.771	34.85	25.95	1	3.25	0.99	0.8	37	28	1	2.5	-0.182	-8.9	2.25
31_31	1.129473684	1.0265	38.4	36.65	1	2.5	1.19	1.125	42.5	39	1	2.5	-0.102973684	-1.75	1.5
31_4	0.84	0.861666667	12.05	35.08333333	1	2.708333333	0.82	0.935	0	36	1	2.5	0.021666667	23.03333333	1.708333333
31_5	0.924285714	0.656428571	20.6	17.57142857	1	3.892857143	0.915	0.7	26	21	1	4	-0.267857143	-3.028571429	2.892857143
31_6	1.177	1.0825	41.95	40.9	1.05	2.35	1.195	1.095	42	41	1	2.5	-0.0945	-1.05	1.3
32_11	0.82	0.634	13.95	16.8	1	3.5	0.78	0.66	10	19.5	1	3	-0.186	2.85	2.5
32_18	0.941666667	0.906666667	28.75	31.38888889	1.027777778	2.583333333	0.965	0.93	31	32.5	1	2.5	-0.035	2.638888889	1.555555556
32_2	0.706666667	0.678888889	9.4	20.33333333	1.055555556	3.388888889	0.64	0.68	0	20	1	3.5	-0.027777778	10.93333333	2.333333333
32_25	0.88125	0.6675	24.85	25.5	1	3.3125	0.895	0.705	30.5	30.5	1	3	-0.21375	0.65	2.3125
32_3	0.977777778	0.773333333	29.35	29.11111111	1	2.888888889	0.945	0.74	33	29	1	3	-0.204444444	-0.238888889	1.888888889
32_31	0.816	0.815	19.85	23.72222222	1.066666667	3.111111111	0.86	0.825	25.5	23	1	3	-0.001	3.872222222	2.044444444
32_33	0.670769231	0.633846154	16.9	23.92307692	1	2.615384615	0.74	0.63	20.5	25	1	2.5	-0.036923077	7.023076923	1.615384615
32_38	1.087	1.0115	39.55	36.85	1	2.125	1.105	0.97	40.5	38.5	1	2	-0.0755	-2.7	1.125
32_39	0.55625	0.57125	5.85	16.25	1	3.8125	0.555	0.57	0	19.5	1	3.5	0.015	10.4	2.8125
32_40	0.90625	0.838125	20	23.75	1	3.09375	0.89	0.89	24	27.5	1	3	-0.068125	3.75	2.09375
32_41	0.634615385	0.6575	14.15	24.08333333	1	2.5	0.68	0.675	16.5	25.5	1	2.5	0.022884615	9.933333333	1.5
32_42	0.79	0.699090909	8.7	17	1	2.909090909	0.8	0.74	0	21	1	3	-0.090909091	8.3	1.909090909
32_5	1.111052632	1.001578947	35.05	32.57894737	1	2.657894737	1.16	1.09	37	39	1	2.5	-0.109473684	-2.471052632	1.657894737
32_9	0.695294118	0.664705882	20.85	22.76470588	1	2.794117647	0.71	0.65	24.5	21	1	2.5	-0.030588235	1.914705882	1.794117647
33_11	0.847857143	0.832857143	21.5	27.14285714	1	3.071428571	0.925	0.895	26	30.5	1	2.5	-0.015	5.642857143	2.071428571
33_12	0.784	0.6875	34.65	27.45	1	2.975	0.77	0.68	36.5	27.5	1	2.75	-0.0965	-7.2	1.975
33_19	0.857647059	0.836666667	26.1	29.11111111	1	2.75	0.86	0.84	30.5	30.5	1	3	-0.020980392	3.011111111	1.75
33_20	0.852631579	0.805263158	36.55	38.78947368	1	2.263157895	0.87	0.87	39	41	1	2	-0.047368421	2.239473684	1.263157895
33_23	0.9495	0.8815	39.55	37.05	1	2.425	0.985	0.915	40.5	40.5	1	2.5	-0.068	-2.5	1.425
33_30	0.7735	0.6935	30.9	28.85	1	3.05	0.755	0.69	29.5	29.5	1	3	-0.08	-2.05	2.05
33_33	1.079230769	0.545384615	19.2	11.46153846	1	4.230769231	1.11	0.43	23.5	1	1	5	-0.533846154	-7.738461538	3.230769231
33_34	0.995263158	0.812222222	28.45	27.66666667	1	2.694444444	1.03	0.85	28.5	27.5	1	2.75	-0.183040936	-0.783333333	1.694444444
33_43	0.811052632	0.759473684	29.35	30.15789474	1	2.605263158	0.82	0.76	32	31	1	2.5	-0.051578947	0.807894737	1.605263158
33_44	1.2095	1.093	40.05	41.25	1	1.8	1.23	1.075	41	42	1	2	-0.1165	1.2	0.8
33_5	0.793636364	0.605454545	14.2	17.81818182	1	3.727272727	0.79	0.59	14.5	18	1	3.5	-0.188181818	3.618181818	2.727272727
34_10	1.0435	0.8635	35.7	32.75	1	2.425	1.055	0.88	36.5	35.5	1	2	-0.18	-2.95	1.425
34_18	0.638	0.275	12.25	2.7	1	4.65	0.63	0.265	8.5	1	1	5	-0.363	-9.55	3.65
34_23	0.75	0.693	33.4	30.1	1	2.85	0.755	0.725	33.5	38	1	2.5	-0.057	-3.3	1.85
34_26	0.863333333	0.833846154	14.8	23.92307692	1	3.230769231	0.895	0.82	20	23	1	3.5	-0.029487179	9.123076923	2.230769231
34_31	1.052	1.08	22.4	32	1	2.657894737	1.08	1.07	28.5	35	1	2.5	0.028	9.6	1.657894737
34_33	0.884705882	0.859444444	31	38.55555556	1	2.527777778	0.94	0.85	36	40	1	2.5	-0.025261438	7.555555556	1.527777778
34_36	0.744	0.734	18.45	26.75	1	2.7	0.7	0.76	21	30.5	1	2.25	-0.01	8.3	1.7
34_39	1.284210526	1.305	38.7	45.75	1	2.425	1.33	1.365	40.5	46.5	1	2.5	0.020789474	7.05	1.425
34_4	0.9775	0.955	37.85	33.4	1	2.125	0.96	0.995	38	36	1	2	-0.0225	-4.45	1.125
34_52	0.965882353	0.965294118	31.1	36.64705882	1.029411765	2.352941176	1.01	1.1	35.5	40	1	2	-0.000588235	5.547058824	1.323529412
34_54	1.032666667	0.711333333	24.65	20.66666667	1	3.733333333	0.96	0.74	26	23	1	3.5	-0.321333333	-3.983333333	2.733333333
34_72	0.998333333	0.645555556	35.85	20.61111111	1	3.472222222	0.97	0.64	39.5	17.5	1	3	-0.352777778	-15.23888889	2.472222222
34_75	0.804444444	0.610555556	22.55	17.72222222	1	3.305555556	0.795	0.665	23.5	19	1	3	-0.193888889	-4.827777778	2.305555556
35_13	0.9115	0.9065	34.4	37.05	1	2.675	0.96	0.935	36	39	1	2.5	-0.005	2.65	1.675
35_15	0.943888889	0.928421053	29.3	33.21052632	1	2.394736842	0.945	0.93	32.5	34	1	2.5	-0.015467836	3.910526316	1.394736842
35_33	0.621176471	0.625882353	20.35	30.23529412	1	3.147058824	0.62	0.67	23.5	33	1	2.5	0.004705882	9.885294118	2.147058824
35_43	0.660588235	0.648823529	22.1	28.76470588	1	2.970588235	0.66	0.64	25.5	28	1	3	-0.011764706	6.664705882	1.970588235
35_5	1.002307692	0.85	20.1	29.85714286	1	2.75	0.98	0.875	26	31	1	2.5	-0.152307692	9.757142857	1.75
35_7	0.79	0.565833333	17.5	20.16666667	1	3.375	0.725	0.62	23	27.5	1	2.5	-0.224166667	2.666666667	2.375
35_8	0.930833333	0.8475	18.95	30.91666667	1	2.666666667	1.03	0.895	18	33.5	1	2.5	-0.083333333	11.96666667	1.666666667
4_1	0.771176471	0.7645	21.55	25.45	1.058823529	2.15	0.8	0.76	22.5	27.5	1	2	-0.006676471	3.9	1.091176471
4_11	0.62	0.683125	17	28.71875	1.285714286	2.21875	0.605	0.705	12.5	30.5	1.25	2	0.063125	11.71875	0.933035714
4_35	0.49	0.46	5.7	10	1.055555556	4.222222222	0.48	0.32	0	1	1	5	-0.03	4.3	3.166666667
4_36	0.754444444	0.711666667	28.4	28.22222222	1.416666667	2.527777778	0.805	0.72	34.5	30	1	2.5	-0.042777778	-0.177777778	1.111111111
4_55	0.583636364	0.592307692	8.6	20.23076923	1	3.230769231	0.57	0.61	6	16	1	3	0.008671329	11.63076923	2.230769231
4_61	0.856875	0.689375	21.6	26.1875	1.03125	2.3125	0.84	0.71	26.5	33	1	2	-0.1675	4.5875	1.28125
4_67	0.736153846	0.653846154	20.2	28.07692308	1	3.115384615	0.76	0.82	25.5	38	1	2.5	-0.082307692	7.876923077	2.115384615
4_68	0.775	0.706875	18.85	20.25	1.15625	3.0625	0.78	0.72	19.5	22.5	1	2.5	-0.068125	1.4	1.90625
5_12	0.679	0.795	10.275	29.3	1.05	2	0.65	0.84	0.75	30.5	1	2	0.116	19.025	0.95
5_14	0.707272727	0.634545455	12.65	23.45454545	1.227272727	3.181818182	0.72	0.67	14	23	1	3	-0.072727273	10.80454545	1.954545455
5_18	0.766666667	0.624	21.5	23.33333333	1.033333333	2.9	0.78	0.65	23.5	28	1	2.5	-0.142666667	1.833333333	1.866666667
5_25	0.786470588	0.786111111	22.7	28.44444444	1	2.666666667	0.81	0.795	26.5	30	1	2.5	-0.000359477	5.744444444	1.666666667
5_26	0.76625	0.80125	20.45	24.46875	1.1875	2.40625	0.865	0.915	23.5	29	1	2	0.035	4.01875	1.21875
5_29	0.888235294	0.938888889	24.3	31.94444444	1	1.694444444	0.99	0.965	31.5	33	1	1.5	0.050653595	7.644444444	0.694444444
5_3	0.742631579	0.822631579	28.95	35.68421053	1	1.657894737	0.78	0.84	33.5	36	1	1.5	0.08	6.734210526	0.657894737
5_34	0.794	0.69625	22.7	24.40625	1.2	2.4375	0.81	0.735	30.5	25	1	2	-0.09775	1.70625	1.2375
5_41	0.678888889	0.745555556	18.2	26.77777778	1	2.611111111	0.625	0.745	17	26.5	1	2.5	0.066666667	8.577777778	1.611111111
5_42	0.635333333	0.534666667	21.35	20.86666667	1	3.433333333	0.62	0.54	21.5	30	1	2.5	-0.100666667	-0.483333333	2.433333333
5_47	0.898947368	0.906315789	28.05	29.84210526	1.105263158	1.973684211	1	1.01	35	34	1	2	0.007368421	1.792105263	0.868421053
5_66	0.633333333	0.628888889	11.4	26.33333333	1	3.388888889	0.58	0.77	0	36	1	2.5	-0.004444444	14.93333333	2.388888889
6_19	0.651578947	0.651052632	32.5	37.73684211	1	2.263157895	0.68	0.68	36.5	39	1	2	-0.000526316	5.236842105	1.263157895
6_22	0.631428571	0.455714286	15.2	13.28571429	1	2.392857143	0.7	0.39	16	16	1	2	-0.175714286	-1.914285714	1.392857143
6_33	0.79375	0.85	9.55	27.375	1	2.75	0.77	0.845	0	27.5	1	2.5	0.05625	17.825	1.75
6_35	0.592631579	0.597368421	18.825	23.05263158	1.105263158	2.368421053	0.63	0.62	24	25	1	2	0.004736842	4.227631579	1.263157895
6_36	0.660526316	0.577368421	24.9	28.63157895	1	2.947368421	0.65	0.58	27	30	1	3	-0.083157895	3.731578947	1.947368421
6_4	1.0185	0.8615	39.5	29.975	1.025	2.675	1.02	0.91	41.5	38	1	2	-0.157	-9.525	1.65
6_50	0.702352941	0.544117647	25.35	24.70588235	1	3.088235294	0.7	0.55	28	26	1	2.5	-0.158235294	-0.644117647	2.088235294
6_59	0.49125	0.395	4.15	6.25	1	4.5625	0.485	0.34	0	1.5	1	4.75	-0.09625	2.1	3.5625
6_66	0.640769231	0.49	14.1	9.461538462	1.076923077	4.076923077	0.67	0.37	12	1	1	5	-0.150769231	-4.638461538	3
6_7	0.924444444	0.674	23.775	17.4	1.055555556	3.2	0.975	0.745	25	21	1	2.5	-0.250444444	-6.375	2.144444444
6_70	0.504375	0.580625	14.975	25.5	1	2.59375	0.485	0.61	14.5	30.5	1	2	0.07625	10.525	1.59375
6_9	0.6885	0.624	21.725	18.75	1	2.9	0.7	0.61	22	18	1	3	-0.0645	-2.975	1.9
7_17	0.744210526	0.871578947	19.425	24.47368421	1	2.289473684	0.78	0.91	23.5	26	1	2	0.127368421	5.048684211	1.289473684
7_20	0.745333333	0.859333333	15.15	29.8	1	2.866666667	0.71	0.89	15.5	32	1	2.5	0.114	14.65	1.866666667
7_33	0.851666667	0.877222222	21.225	21.22222222	1	2.75	0.885	0.9	26	26.5	1	2	0.025555556	-0.002777778	1.75
7_47	0.699411765	0.597058824	24.75	20.23529412	1.029411765	2.852941176	0.72	0.6	31	24	1	2	-0.102352941	-4.514705882	1.823529412
7_50	0.566875	0.755555556	14.275	24.83333333	1	2.472222222	0.55	0.74	19	28	1	2.25	0.188680556	10.55833333	1.472222222
7_53	0.605625	0.714	14.075	21.4	1	2.166666667	0.61	0.72	15.5	24	1	2	0.108375	7.325	1.166666667
7_54	0.916111111	0.794444444	30.95	26.61111111	1	2.25	0.935	0.855	35	29.5	1	2	-0.121666667	-4.338888889	1.25
7_55	0.7845	0.853	29	30.1	1.025	2.025	0.76	0.885	27	32	1	2	0.0685	1.1	1
7_6	0.952777778	0.982352941	22.6	28	1	2.088235294	0.99	1.01	25	32	1	2	0.029575163	5.4	1.088235294
7_65	0.718	0.684	18.45	24.73333333	1.033333333	2.766666667	0.68	0.87	20	32	1	2	-0.034	6.283333333	1.733333333
7_69	0.630555556	0.569444444	14.025	11.38888889	1.027777778	4.083333333	0.66	0.385	14.5	1	1	5	-0.061111111	-2.636111111	3.055555556
7_70	0.593	0.578	8.4	17.9	1.1	3.55	0.62	0.525	0.75	13	1	4	-0.015	9.5	2.45
8_2	0.810666667	0.599333333	21.5	15.4	1.066666667	3.633333333	0.84	0.41	26.5	10	1	3.5	-0.211333333	-6.1	2.566666667
8_38	0.929166667	1.093125	12.8	27.125	1	2.84375	0.91	1.135	9.5	29.5	1	2.5	0.163958333	14.325	1.84375
8_52	0.792307692	0.638461538	12.35	13.46153846	1	3.884615385	0.81	0.41	8	1	1	5	-0.153846154	1.111538462	2.884615385
8_55	0.803	0.73	11.85	21.45454545	1	2.863636364	0.735	0.71	6	20	1	2.5	-0.073	9.604545455	1.863636364
8_58	0.412222222	0.474444444	12.1	17.27777778	1	2.194444444	0.405	0.495	13.5	20.5	1	1.5	0.062222222	5.177777778	1.194444444
8_69	0.651538462	0.7125	10.1	15.0625	1	3.3125	0.66	0.67	10	14.5	1	3.75	0.060961538	4.9625	2.3125
8_73	0.971578947	1.050526316	23.1	25.26315789	1	2.789473684	0.99	1.13	24.5	29	1	2.5	0.078947368	2.163157895	1.789473684
8_78	0.6025	0.595	16.5	23.88888889	1.03125	3	0.6	0.585	19.5	24.5	1	3.25	-0.0075	7.388888889	1.96875
9_10	0.753529412	0.674117647	17.15	15.88235294	1	3.264705882	0.81	0.68	22	16	1	3	-0.079411765	-1.267647059	2.264705882
9_21	0.569	0.484	10.9	16.5	1	3.35	0.535	0.54	3.5	21	1	2.75	-0.085	5.6	2.35
9_52	0.746363636	0.542727273	11.2	11	1	4.136363636	0.79	0.48	7	1	1	5	-0.203636364	-0.2	3.136363636
9_65	0.470588235	0.507647059	12.025	15.58823529	1	2.941176471	0.49	0.52	14	17	1	3	0.037058824	3.563235294	1.941176471
9_67	0.43	0.38	6.6	9.461538462	1	4.230769231	0.39	0.33	5.5	4	1	4.5	-0.05	2.861538462	3.230769231
9_69	0.633	0.692	22.225	24.2	1	3	0.635	0.77	24	33	1	2.5	0.059	1.975	2
9_70	0.816428571	0.850714286	13.85	20	1	3	0.835	0.81	15.5	17.5	1	3	0.034285714	6.15	2
9_71	1.054	0.900666667	22.65	24.46666667	1.033333333	2.933333333	1.02	0.92	27.5	25	1	2.5	-0.153333333	1.816666667	1.9
9_9	0.627	0.5445	25.9	20.4	1	3.025	0.59	0.59	27.5	24	1	2.75	-0.0825	-5.5	2.025
